 0.6915830    -100.00000    
 0.6916091    -100.00000    
 0.6950408    -100.00000    
 0.6950669    -100.00000    
 0.6981765    -100.00000    
 0.6982026    -100.00000    
 0.6989700    -100.00000    
 0.7265526    -100.00000    
 0.7524875     -206.4453    
 0.7525136    -100.00000    
 0.7562684     -205.0141    
 0.7562944    -100.00000    
 0.7903624    -100.00000    
 0.8219512     -185.2296    
 0.8219773    -100.00000    
 0.8256871     -183.5744    
 0.8257132     -183.4890    
 0.8270964     -183.0966    
 0.8271225     -183.1312    
 0.8287464     -182.6584    
 0.8287724    -100.00000    
 0.8615415    -100.00000    
 0.8920105    -100.00000    
 0.9204814    -100.00000    
 0.9472000     -157.3657    
 0.9472261    -100.00000    
 0.9610684     -154.8409    
 0.9610945    -100.00000    
 0.9737423     -152.8848    
 0.9737684    -100.00000    
 0.9757254     -151.7753    
 0.9757515     -149.8431    
 0.9780505     -148.8882    
 0.9780766    -100.00000    
  1.002006    -100.00000    
  1.024685    -100.00000    
  1.066772    -100.00000    
  1.105139    -100.00000    
  1.140390    -100.00000    
  1.172993    -100.00000    
  1.203318    -100.00000    
  1.231664    -100.00000    
  1.258272     -121.4085    
  1.258298    -100.00000    
  1.281083     -120.1927    
  1.281109     -121.7857    
  1.305160     -118.7898    
  1.305186     -111.4854    
  1.326915     -110.6655    
  1.326941     -103.7833    
  1.346694     -102.9702    
  1.346720     -102.9982    
  1.362546     -102.3671    
  1.362572    -100.00000    
  1.390897     -101.6808    
  1.390924     -101.4911    
  1.416635     -100.9831    
  1.416661    -100.00000    
  1.443021     -96.86164    
  1.443047    -100.00000    
  1.465962     -91.85624    
  1.465988    -100.00000    
  1.485873     -87.39052    
  1.485899    -100.00000    
  1.499967     -84.42050    
  1.499993    -100.00000    
  1.524019    -100.00000    
  1.546785     -75.80269    
  1.546812    -100.00000    
  1.576132     -70.53326    
  1.576158    -100.00000    
  1.604777     -65.83477    
  1.604803     -62.22315    
  1.629435     -62.21936    
  1.629461    -100.00000    
  1.655483    -100.00000    
  1.680033    -100.00000    
  1.703270    -100.00000    
  1.725326     -49.16716    
  1.725352     -49.23592    
  1.731789     -48.22572    
  1.731815    -100.00000    
  1.759985    -100.00000    
  1.786439     -42.52441    
  1.786465    -100.00000    
  1.816267    -100.00000    
  1.844155     -37.04415    
  1.844181    -100.00000    
  1.873455     -34.57670    
  1.873481    -100.00000    
  1.905852     -32.09091    
  1.905878     -31.94535    
  1.913985     -31.25475    
  1.914011     -32.44288    
  1.926739     -30.40085    
  1.926765     -30.31868    
  1.927492     -30.26614    
  1.927518    -100.00000    
  1.953099     -28.77576    
  1.953125    -100.00000    
  1.992547     -26.53969    
  1.992573     -26.27032    
  1.994242     -26.17979    
  1.994268     -26.18021    
  1.996583     -26.05595    
  1.996609     -26.05050    
  1.997969     -25.98033    
  1.997995     -26.06862    
  2.007452     -25.51481    
  2.007478     -25.60138    
  2.018315     -24.97526    
  2.018341     -24.94400    
  2.028139     -24.52637    
  2.028165     -24.62856    
  2.036834     -24.11637    
  2.036860     -25.00987    
  2.054806     -23.36515    
  2.054832     -23.28501    
  2.061074     -23.02474    
  2.061100     -23.64173    
  2.077560     -22.41974    
  2.077586     -22.58778    
  2.096009     -21.80040    
  2.096035     -21.75156    
  2.097335     -21.70971    
  2.097361     -21.71265    
  2.101549     -21.57943    
  2.101575     -21.57570    
  2.102614     -21.54349    
  2.102640     -21.54465    
  2.105856     -21.44614    
  2.105882     -21.44359    
  2.106131     -21.43608    
  2.106157     -21.44139    
  2.111538     -21.28092    
  2.111564     -21.27578    
  2.111972     -21.26402    
  2.111998     -21.27378    
  2.119253     -21.06690    
  2.119279     -21.06340    
  2.124259     -20.92962    
  2.124285     -20.92686    
  2.127003     -20.85658    
  2.127029     -20.85506    
  2.127689     -20.83825    
  2.127715     -20.85261    
  2.137516     -20.60854    
  2.137543     -20.59888    
  2.138167     -20.58442    
  2.138193     -20.59988    
  2.149401     -20.34808    
  2.149427     -20.33814    
  2.150323     -20.31969    
  2.150349     -20.31909    
  2.150451     -20.31700    
  2.150478     -20.32006    
  2.156771     -20.19443    
  2.156797     -20.19157    
  2.158990     -20.14993    
  2.159016     -20.15556    
  2.168085     -19.99112    
  2.168111     -19.99245    
  2.177634     -19.83372    
  2.177660     -19.82980    
  2.181761     -19.76482    
  2.181787     -19.76685    
  2.188475     -19.66031    
  2.188501     -19.68677    
  2.202392     -19.41833    
  2.202418     -19.39721    
  2.204200     -19.35382    
  2.204226     -19.35852    
  2.209967     -19.18338    
  2.209993     -19.16444    
  2.217868     -18.79847    
  2.217894     -18.79875    
  2.217973     -18.79425    
  2.217999     -18.80719    
  2.218346     -18.79643    
  2.218372     -18.80700    
  2.218718     -18.81730    
  2.218745     -18.88022    
  2.225651     -18.82606    
  2.232450     -18.72641    
  2.232476     -18.73520    
  2.234725     -18.57994    
  2.234751     -18.61726    
  2.239647     -18.37447    
  2.239673     -18.39738    
  2.242461     -18.51093    
  2.242487     -18.47656    
  2.243634     -18.44879    
  2.243660     -18.44420    
  2.245376     -18.38985    
  2.245402     -18.40038    
  2.250751     -18.18809    
  2.250777     -18.17572    
  2.253726     -18.05229    
  2.253752     -18.04761    
  2.257114     -17.93175    
  2.260450     -17.80017    
  2.263761     -17.62501    
  2.267047     -17.49044    
  2.267073     -17.49156    
  2.270520     -17.34476    
  2.270546     -17.33952    
  2.271659     -17.29086    
  2.271685     -17.28939    
  2.271838     -17.28262    
  2.271864     -17.45853    
  2.273764     -17.23324    
  2.273790     -17.16379    
  2.275848     -17.06339    
  2.275875     -17.08790    
  2.278055     -17.01107    
  2.278081     -17.00880    
  2.280272     -16.91467    
  2.280298     -16.91719    
  2.283835     -16.75887    
  2.283861     -16.75286    
  2.285263     -16.68986    
  2.285289     -16.68916    
  2.286319     -16.64230    
  2.286345     -16.64096    
  2.286816     -16.61955    
  2.286843     -16.62715    
  2.289444     -16.42618    
  2.292031     -16.39779    
  2.294602     -16.26860    
  2.297158     -16.16217    
  2.297184     -16.15802    
  2.298013     -16.12073    
  2.298039     -16.12543    
  2.299510     -16.05004    
  2.299536     -16.00164    
  2.301188     -15.93182    
  2.302835     -15.90919    
  2.304475     -15.83311    
  2.306109     -15.75746    
  2.306135     -15.75483    
  2.307390     -15.70744    
  2.308642     -15.64184    
  2.308668     -15.64389    
  2.310145     -15.57591    
  2.311618     -15.49886    
  2.313085     -15.41833    
  2.314548     -15.37628    
  2.314574     -15.36376    
  2.315022     -15.38322    
  2.315048     -15.37261    
  2.315628     -15.33157    
  2.315654     -15.32564    
  2.316640     -15.29738    
  2.317624     -15.23996    
  2.317650     -15.24115    
  2.318472     -15.20153    
  2.318499     -15.20073    
  2.319125     -15.16846    
  2.319151     -15.16853    
  2.320138     -15.12313    
  2.321123     -15.08095    
  2.322105     -15.03449    
  2.323085     -14.98766    
  2.323111     -14.98690    
  2.324238     -14.93660    
  2.324264     -14.93942    
  2.325142     -14.89799    
  2.326019     -14.85010    
  2.326894     -14.84444    
  2.327767     -14.78073    
  2.327793     -14.78292    
  2.328784     -14.73630    
  2.329773     -14.69066    
  2.330760     -14.65197    
  2.331745     -14.60050    
  2.331771     -14.60134    
  2.332451     -14.57002    
  2.333131     -14.54017    
  2.333157     -14.53777    
  2.333940     -14.50333    
  2.334721     -14.46825    
  2.334747     -14.46757    
  2.335758     -14.42198    
  2.336767     -14.37672    
  2.337773     -14.33101    
  2.338777     -14.28507    
  2.338803     -14.28357    
  2.339391     -14.25740    
  2.339977     -14.23094    
  2.340563     -14.20424    
  2.341149     -14.17826    
  2.341175     -14.17622    
  2.341313     -14.17025    
  2.341339     -14.16923    
  2.341416     -14.16559    
  2.341442     -14.16473    
  2.341995     -14.13986    
  2.342548     -14.11435    
  2.342574     -14.11460    
  2.343152     -14.08760    
  2.343730     -14.06167    
  2.344307     -14.03565    
  2.344884     -14.00999    
  2.344910     -14.00878    
  2.345914     -13.96275    
  2.346415     -13.93968    
  2.346916     -13.91671    
  2.347416     -13.89036    
  2.347915     -13.90853    
  2.348414     -13.85469    
  2.348912     -13.82701    
  2.348938     -13.82810    
  2.349663     -13.79150    
  2.350387     -13.75618    
  2.350413     -13.75594    
  2.351174     -13.71729    
  2.351935     -13.68495    
  2.352694     -13.65350    
  2.353452     -13.62323    
  2.353478     -13.62926    
  2.354014     -13.60769    
  2.354040     -13.64011    
  2.354826     -13.65185    
  2.355610     -13.70547    
  2.356393     -13.70752    
  2.357175     -13.67856    
  2.357201     -13.68938    
  2.357613     -13.66241    
  2.357639     -11.98797    
  2.360689    -100.00000    
  2.360715     -12.48421    
  2.361482     -12.53607    
  2.361508    -100.00000    
  2.370561     -10.20643    
  2.370587    -100.00000    
  2.372143     -9.522088    
  2.372169     -9.449118    
  2.373576    -100.00000    
  2.373602     -10.10052    
  2.376732     -10.67549    
  2.376758     -9.761600    
  2.381432     -10.04670    
  2.381458     -10.02781    
  2.381604     -10.07002    
  2.381630     -10.08238    
  2.382020     -10.13231    
  2.382046     -10.13828    
  2.384696     -10.08800    
  2.384723     -10.49494    
  2.387156     -10.09971    
  2.387182     -9.644610    
  2.387250     -9.585024    
  2.387276     -9.488883    
  2.397757    -100.00000    
  2.397783     -9.883331    
  2.403737     -10.05512    
  2.403763     -10.07772    
  2.405849     -9.958286    
  2.405875     -9.958084    
  2.406950     -9.891325    
  2.406976     -9.782054    
  2.409375     -10.89205    
  2.409401    -100.00000    
  2.409997     -9.533760    
  2.410023     -9.310526    
  2.411532     -8.589054    
  2.411558     -9.122219    
  2.413129     -9.722483    
  2.413155     -9.632859    
  2.414139     -9.772513    
  2.414165     -9.770201    
  2.414800     -9.837626    
  2.414826     -9.813781    
  2.417258     -9.706352    
  2.417284     -9.704267    
  2.417479     -9.729378    
  2.417505     -9.863390    
  2.419934     -9.700460    
  2.419960     -9.609745    
  2.429044     -9.654360    
  2.429070     -9.287899    
  2.429812     -9.272016    
  2.429838     -9.276876    
  2.429941     -9.266629    
  2.429968     -9.333126    
  2.433545     -9.266838    
  2.433571     -9.311328    
  2.434793     -9.249284    
  2.434819     -9.275918    
  2.435600     -9.331823    
  2.435626     -9.328356    
  2.438130     -9.261775    
  2.438156     -9.304220    
  2.438775     -9.192060    
  2.438801     -9.255567    
  2.441117     -9.180115    
  2.441143     -9.199616    
  2.441622     -9.224621    
  2.441648     -9.158515    
  2.443145     -9.161939    
  2.443172     -9.146176    
  2.446855     -9.096512    
  2.446881     -9.193647    
  2.448077    -100.00000    
  2.448103     -9.819556    
  2.449403     -8.889467    
  2.449429     -8.845232    
  2.454802     -9.043428    
  2.454828     -9.110387    
  2.455220     -8.834671    
  2.455246     -8.771485    
  2.455715     -8.810898    
  2.455741     -8.821333    
  2.456057     -8.858501    
  2.456083     -8.868545    
  2.457136     -8.854587    
  2.457162     -8.868326    
  2.460232     -8.838634    
  2.460258     -9.268532    
  2.460625     -9.231799    
  2.460651     -9.101734    
  2.461200     -8.838940    
  2.461226     -8.843705    
  2.461623     -8.803188    
  2.461649     -8.921622    
  2.465081     -8.718845    
  2.465107     -8.739815    
  2.466316     -8.764620    
  2.466342     -8.840427    
  2.467007     -8.712601    
  2.467033     -8.670203    
  2.469850     -8.590178    
  2.469876     -8.650377    
  2.470870     -8.641893    
  2.470896     -8.637413    
  2.471160     -8.639258    
  2.471186     -8.638502    
  2.471286     -8.632936    
  2.471312     -8.631170    
  2.471592     -8.595762    
  2.471618     -8.593618    
  2.471859     -8.601982    
  2.471885     -8.595043    
  2.473938     -8.630638    
  2.473964     -8.678171    
  2.476473     -8.552112    
  2.476499     -8.507501    
  2.476658     -8.575605    
  2.476684     -8.995270    
  2.477008    -100.00000    
  2.477034    -100.00000    
  2.479576     -8.214329    
  2.479602    -100.00000    
  2.483495     -7.584303    
  2.483521     -6.997276    
  2.483855     -6.789740    
  2.483881     -6.777333    
  2.484161     -6.674708    
  2.484187     -6.669033    
  2.484225     -6.657760    
  2.484298     -6.636682    
  2.484324     -6.629405    
  2.484548     -6.567579    
  2.484574     -6.622154    
  2.487068    -100.00000    
  2.487094     -7.002649    
  2.490987     -7.609932    
  2.491013     -7.803288    
  2.491430     -7.786484    
  2.491456     -8.251784    
  2.493829     -7.895007    
  2.493855     -7.952767    
  2.494479     -8.149308    
  2.494505     -8.519358    
  2.496138     -8.574321    
  2.496164     -8.304217    
  2.497264     -8.044935    
  2.497290     -8.100054    
  2.497709     -7.867108    
  2.497735     -7.801890    
  2.498054     -7.905202    
  2.498080     -8.261529    
  2.501933     -7.731774    
  2.501959     -7.685561    
  2.503950     -7.909686    
  2.503976     -7.793834    
  2.504100     -7.725846    
  2.504126     -7.676515    
  2.506222     -8.024605    
  2.506248     -7.997623    
  2.506887    -100.00000    
  2.506913     -8.419581    
  2.507076     -8.252849    
  2.507102     -8.232797    
  2.507234     -8.154915    
  2.507260     -7.980956    
  2.508936     -8.061772    
  2.508962     -8.130428    
  2.509000     -8.100880    
  2.509026     -8.091703    
  2.509852     -7.597543    
  2.509878     -7.635568    
  2.510053     -7.905711    
  2.510079     -7.904425    
  2.511786     -7.700770    
  2.511813     -7.592781    
  2.512377     -7.835177    
  2.512404     -7.752895    
  2.514206     -7.738414    
  2.514232     -7.910021    
  2.515517     -7.621111    
  2.515543     -7.548639    
  2.515749     -7.555082    
  2.515775     -7.569520    
  2.515839     -7.595249    
  2.515866     -7.608418    
  2.515902     -7.629020    
  2.515928     -7.641103    
  2.516736     -8.262350    
  2.516763     -8.220721    
  2.516973     -8.231890    
  2.516999     -8.663422    
  2.517971     -7.661033    
  2.517997     -7.712623    
  2.518475     -7.858634    
  2.518501     -8.007894    
  2.519371     -7.574505    
  2.519397     -7.767596    
  2.523458     -7.447398    
  2.523485     -7.457116    
  2.526015     -7.629126    
  2.528531     -7.432531    
  2.528557     -7.303159    
  2.532645     -7.434497    
  2.532671     -7.511362    
  2.533864     -7.362902    
  2.533890     -7.399663    
  2.536637     -7.350341    
  2.539367     -7.251918    
  2.539394     -7.266594    
  2.542501     -7.051602    
  2.542527     -7.108219    
  2.544716     -7.023266    
  2.544742     -7.029087    
  2.546838     -7.101996    
  2.546864     -7.162756    
  2.547359     -7.074616    
  2.547385     -7.082749    
  2.547467     -7.090356    
  2.547493     -7.270231    
  2.551148     -7.024944    
  2.551174     -6.979966    
  2.551788     -7.000660    
  2.551814     -6.940482    
  2.555525     -6.826858    
  2.555551     -7.263748    
  2.558413     -6.942676    
  2.558439     -6.807043    
  2.558900     -6.817809    
  2.558926     -6.843275    
  2.562365     -6.736400    
  2.562391     -6.913970    
  2.562708     -6.690987    
  2.562735     -6.926356    
  2.565530     -6.798508    
  2.568307     -6.545647    
  2.568333     -6.495523    
  2.568399     -6.502944    
  2.568425     -6.499680    
  2.568740     -6.606817    
  2.568765     -6.624991    
  2.568792     -6.684337    
  2.571346     -6.620150    
  2.571372     -6.546417    
  2.571520     -6.536083    
  2.571546     -6.452257    
  2.573817     -8.350889    
  2.576076     -6.362820    
  2.576102     -6.264522    
  2.579478     -6.580105    
  2.582828     -6.481922    
  2.582854     -6.502011    
  2.584966     -6.321043    
  2.584992     -6.364122    
  2.586240     -6.923137    
  2.586266     -7.060020    
  2.588283     -6.993785    
  2.588309     -6.712253    
  2.589445     -6.690807    
  2.589471     -6.702528    
  2.590629     -6.484853    
  2.590655     -6.422622    
  2.592847     -6.294257    
  2.595028     -6.294512    
  2.595054     -6.239752    
  2.596291     -6.408457    
  2.596317     -6.414541    
  2.596347     -6.380441    
  2.597676     -6.400345    
  2.597703     -6.404776    
  2.599443     -6.187821    
  2.599469     -6.410713    
  2.600950     -6.258455    
  2.600976     -6.139540    
  2.603363     -6.166406    
  2.603390     -6.190811    
  2.606269     -6.133027    
  2.606295     -6.124030    
  2.606355     -6.132210    
  2.606381     -6.154073    
  2.607088     -6.060377    
  2.607114     -6.074886    
  2.607268     -6.091969    
  2.607294     -6.095479    
  2.607422     -6.114317    
  2.607448     -6.119461    
  2.607583     -6.137430    
  2.607610     -6.103109    
  2.608822     -6.004549    
  2.608848     -6.060713    
  2.611614     -6.058540    
  2.614363     -5.971826    
  2.614389     -6.196452    
  2.617047     -5.970219    
  2.619690     -5.903268    
  2.619716     -5.876540    
  2.620810     -5.974889    
  2.620836     -5.967564    
  2.620889     -5.973206    
  2.620915     -6.014496    
  2.621993     -5.986717    
  2.622019     -5.943592    
  2.625501     -6.291686    
  2.625527     -5.937449    
  2.626327     -5.860545    
  2.626353     -5.963421    
  2.627054     -5.953913    
  2.627080     -5.904772    
  2.630159     -5.905718    
  2.633217     -5.904683    
  2.633243     -5.914826    
  2.633616     -5.842950    
  2.633642     -5.929612    
  2.634860     -5.903225    
  2.634886     -5.996998    
  2.637264     -5.811387    
  2.637290     -5.775912    
  2.640667     -6.059005    
  2.640693     -6.038556    
  2.642655     -5.729167    
  2.644608     -5.802584    
  2.644634     -5.886884    
  2.645884     -5.716526    
  2.645910     -5.725751    
  2.646467     -5.708030    
  2.646493     -5.712635    
  2.646793     -5.705209    
  2.646819     -5.695937    
  2.648509     -5.759409    
  2.648535     -5.682957    
  2.648569     -5.710356    
  2.650611     -5.789125    
  2.650637     -5.767175    
  2.652053     -5.662503    
  2.652079     -5.686534    
  2.652535     -5.884503    
  2.652561     -5.888633    
  2.653789     -5.699802    
  2.653815     -5.685138    
  2.654544     -5.711665    
  2.654570     -5.639279    
  2.655879     -5.966345    
  2.655905     -5.868309    
  2.656887     -5.809892    
  2.656913     -5.728508    
  2.656969     -5.707767    
  2.656995     -5.691657    
  2.657324     -5.695997    
  2.657350     -5.696440    
  2.657529     -5.745513    
  2.657556     -5.932919    
  2.658514     -5.612427    
  2.658540     -5.669009    
  2.659819     -5.692958    
  2.659845     -5.699857    
  2.661662     -5.735723    
  2.661688     -5.654358    
  2.661741     -5.646530    
  2.661767     -5.623981    
  2.662869     -5.778259    
  2.662895     -5.782899    
  2.662923     -5.781525    
  2.663217     -6.030636    
  2.663243     -5.981056    
  2.664942     -5.815198    
  2.664968     -5.700671    
  2.666637     -5.622669    
  2.668300     -5.646771    
  2.668327     -5.676738    
  2.669554     -5.632424    
  2.670779     -5.743486    
  2.670805     -5.642754    
  2.672474     -5.650553    
  2.674136     -5.776478    
  2.674162     -5.820152    
  2.675402     -5.633316    
  2.675428     -5.922903    
  2.676854     -5.567668    
  2.676880     -5.599590    
  2.677782     -5.680986    
  2.677808     -5.720929    
  2.679265     -5.543897    
  2.680718     -5.541535    
  2.682165     -5.605179    
  2.683608     -5.769512    
  2.683634     -5.628056    
  2.684647     -5.616122    
  2.685650     -5.685028    
  2.685677     -5.602705    
  2.685745     -5.584965    
  2.685771     -5.574006    
  2.686018     -5.536366    
  2.686044     -5.561561    
  2.686551     -5.700835    
  2.686577     -5.582505    
  2.687604     -5.609999    
  2.688629     -5.889952    
  2.688655     -5.655864    
  2.689773     -5.583814    
  2.690888     -5.652184    
  2.690914     -5.605921    
  2.690957     -5.595980    
  2.690983     -5.552955    
  2.692104     -5.527216    
  2.692663     -5.515675    
  2.693221     -5.506097    
  2.693247     -5.476519    
  2.693930     -5.492325    
  2.694611     -5.543679    
  2.695292     -5.483931    
  2.695971     -5.553382    
  2.696650     -5.488618    
  2.697327     -5.467797    
  2.698003     -5.460977    
  2.698678     -5.486551    
  2.698704     -5.510755    
  2.698747     -5.519393    
  2.698773     -5.538390    
  2.699173     -5.540625    
  2.699199     -5.490610    
  2.699707     -5.428996    
  2.700214     -5.589228    
  2.700240     -5.603429    
  2.700517     -5.535452    
  2.700543     -5.522161    
  2.700562     -5.517179    
  2.700588     -5.476536    
  2.701102     -5.676639    
  2.701616     -5.422213    
  2.702128     -5.434332    
  2.702641     -5.356485    
  2.702667     -5.466992    
  2.704263     -5.468866    
  2.704289     -5.454375    
  2.704778     -5.322155    
  2.704804     -5.338915    
  2.705149     -4.910229    
  2.705176     -4.755285    
  2.706354    -100.00000    
  2.706380     -6.140299    
  2.707338     -5.326949    
  2.707364     -5.355582    
  2.708243     -5.031613    
  2.708265     -5.046947    
  2.708291     -5.043683    
  2.708382     -5.031316    
  2.708408     -5.202379    
  2.709302     -4.671787    
  2.709328     -4.515669    
  2.710066     -4.862617    
  2.710092     -4.608207    
  2.712261     -5.651768    
  2.712287     -4.666642    
  2.716426     -5.364203    
  2.716452     -5.257392    
  2.716512     -5.209503    
  2.716538     -5.264722    
  2.718970     -4.753457    
  2.721389    -100.00000    
  2.721415     -5.649961    
  2.721822     -5.328949    
  2.721848     -4.955957    
  2.724988     -4.764248    
  2.725014     -4.705279    
  2.725160     -4.722744    
  2.725186     -4.755749    
  2.725284     -4.811894    
  2.725310     -4.787399    
  2.725772     -4.500983    
  2.725798     -5.567538    
  2.727554     -4.832096    
  2.727580     -4.654176    
  2.728176     -4.740607    
  2.728202     -4.812391    
  2.728398     -4.796219    
  2.728424     -4.764443    
  2.728587     -4.492135    
  2.728613     -4.402907    
  2.730067     -5.509031    
  2.730093     -4.817594    
  2.733184     -5.717847    
  2.733210     -5.873669    
  2.734192     -4.678849    
  2.734218     -5.392159    
  2.735929     -5.041508    
  2.735955     -5.472137    
  2.736022     -5.431648    
  2.736048     -5.510395    
  2.737089     -5.332210    
  2.737115     -4.979866    
  2.738198     -5.039050    
  2.738224    -100.00000    
  2.738774     -4.889835    
  2.738800     -4.580330    
  2.740331     -5.578701    
  2.740357     -5.182890    
  2.742489     -4.982228    
  2.742515     -4.831356    
  2.742845     -5.050362    
  2.742871     -5.146231    
  2.746971     -4.763147    
  2.746997     -4.953611    
  2.749427     -4.851941    
  2.751831     -4.247154    
  2.751857     -4.833804    
  2.752111     -4.464219    
  2.752137     -4.567452    
  2.753459     -4.648070    
  2.753485     -4.911278    
  2.754539     -4.446471    
  2.754566     -4.749523    
  2.754881     -4.910032    
  2.754907     -4.496717    
  2.755529     -4.498798    
  2.755555     -4.865823    
  2.758504     -4.437687    
  2.758531     -4.236149    
  2.759057     -4.092742    
  2.759083     -4.195760    
  2.759298     -4.457322    
  2.759324     -4.645498    
  2.759941     -4.829467    
  2.759967     -5.070792    
  2.760777     -4.503800    
  2.760803     -4.255457    
  2.762338     -5.563412    
  2.762364     -4.259015    
  2.763494     -4.708479    
  2.763520     -4.910486    
  2.764607     -4.327591    
  2.764634     -4.450947    
  2.764790     -4.478684    
  2.764816     -4.458547    
  2.765431     -5.043867    
  2.765457     -4.991565    
  2.765786     -5.142032    
  2.765812     -5.205290    
  2.766720     -4.905716    
  2.766746     -4.650360    
  2.767599     -5.499695    
  2.767625     -4.870379    
  2.768816     -4.881962    
  2.768842     -5.039054    
  2.768873     -5.078607    
  2.768899     -5.161444    
  2.769246     -5.602759    
  2.769273     -5.874375    
  2.770825     -4.647656    
  2.770851     -4.676390    
  2.772571     -4.481488    
  2.772597     -4.228681    
  2.775871     -4.869243    
  2.775898     -4.707970    
  2.777571     -5.294920    
  2.777597     -5.759607    
  2.781452     -4.751070    
  2.781478     -4.477323    
  2.783779     -4.612301    
  2.783805     -4.285350    
  2.786347    -100.00000    
  2.786373     -4.694291    
  2.787394     -4.440247    
  2.787420     -4.501482    
  2.789379     -4.397604    
  2.789405     -4.722265    
  2.792084     -4.465333    
  2.792110     -4.484783    
  2.795992     -4.296491    
  2.796018     -4.218328    
  2.799330     -4.524206    
  2.799356     -4.340865    
  2.799768     -4.183090    
  2.799795     -4.370791    
  2.800685     -4.074261    
  2.800711     -4.230834    
  2.802982     -4.537512    
  2.803008     -4.367562    
  2.805911     -4.407922    
  2.808794     -4.062392    
  2.811659     -4.242134    
  2.814504     -4.255540    
  2.814531     -4.091336    
  2.815805     -4.223586    
  2.815831     -4.058921    
  2.816461     -4.190102    
  2.816487     -4.306610    
  2.817048     -4.046802    
  2.817074     -3.911837    
  2.818601     -4.807112    
  2.818627     -4.447058    
  2.822346     -4.098771    
  2.826033     -3.973355    
  2.826059     -4.342412    
  2.829643     -4.043103    
  2.829669     -3.991601    
  2.833025     -3.980338    
  2.833051     -3.997321    
  2.836279     -4.416840    
  2.836305    -100.00000    
  2.836473     -5.199530    
  2.836499    -100.00000    
  2.839407     -3.822709    
  2.839433     -4.043164    
  2.840448     -3.920362    
  2.840474     -3.997878    
  2.844142     -4.120816    
  2.844168     -4.040771    
  2.844752     -4.132851    
  2.844778     -4.094909    
  2.845644     -4.276819    
  2.845670     -4.095508    
  2.846022     -3.927221    
  2.846048     -3.950341    
  2.846084     -3.950182    
  2.846110     -3.960040    
  2.846350     -3.878041    
  2.846376     -3.825704    
  2.846960     -3.840074    
  2.846986    -100.00000    
  2.850315     -3.751814    
  2.850341     -3.632932    
  2.851138     -3.832094    
  2.851164     -3.854769    
  2.851303     -3.935037    
  2.851329     -3.966547    
  2.851635     -4.025824    
  2.851661     -3.884588    
  2.853000     -3.939663    
  2.853026     -3.913573    
  2.853688     -3.954631    
  2.853714     -4.163826    
  2.856751     -3.812195    
  2.856777     -3.870435    
  2.859747     -3.938179    
  2.859773     -3.884640    
  2.863227     -3.908584    
  2.863253     -3.850779    
  2.864041     -4.157940    
  2.864067     -4.190266    
  2.864202     -4.117030    
  2.864228     -3.953210    
  2.866992     -3.958362    
  2.867018     -3.881592    
  2.867101     -3.860991    
  2.867127     -3.842318    
  2.869323     -3.841893    
  2.871507     -3.892616    
  2.871533     -3.870423    
  2.871590     -3.863731    
  2.871617     -3.854915    
  2.871996     -3.858686    
  2.872022     -3.826701    
  2.874358     -3.879725    
  2.874384     -4.161220    
  2.876673     -3.983746    
  2.876699     -3.805019    
  2.877153     -4.082722    
  2.877179     -3.850918    
  2.880574     -3.761982    
  2.880600     -3.845140    
  2.882343     -3.819130    
  2.882369     -3.821058    
  2.882700     -3.826964    
  2.882726     -4.080395    
  2.885367     -4.488049    
  2.885393     -4.047288    
  2.886410     -3.728641    
  2.886436     -3.662769    
  2.886684     -3.576752    
  2.886711     -3.583987    
  2.887586     -3.678262    
  2.887612     -3.693889    
  2.888537     -3.757122    
  2.888563     -3.754175    
  2.889344     -3.799919    
  2.889370     -3.947747    
  2.891995     -3.839633    
  2.892021     -3.962532    
  2.893735     -3.794249    
  2.893761     -3.858036    
  2.894101     -4.016394    
  2.894127     -4.140554    
  2.895125     -3.796891    
  2.895151     -3.818764    
  2.895520     -3.889986    
  2.895547     -4.500883    
  2.896797     -4.679173    
  2.896824     -4.156179    
  2.897817     -4.506903    
  2.897843     -4.747447    
  2.900619     -3.537155    
  2.900645     -3.592268    
  2.901366     -3.748881    
  2.901392     -3.754539    
  2.905057     -3.871507    
  2.905083     -3.801751    
  2.905579     -3.814130    
  2.905605     -3.898271    
  2.907884     -3.834067    
  2.907910     -3.820192    
  2.908129     -3.802855    
  2.908155     -3.799517    
  2.908507     -3.802834    
  2.908533     -3.805917    
  2.909451     -3.891963    
  2.909477     -3.868499    
  2.910120     -3.853496    
  2.910146     -3.838125    
  2.913205     -3.878770    
  2.916242     -3.889292    
  2.916268     -3.851600    
  2.916557     -3.849946    
  2.916584     -3.841961    
  2.916815     -3.814519    
  2.916841     -3.808336    
  2.917202     -3.815105    
  2.917228     -3.817263    
  2.917946     -3.858899    
  2.917972     -3.771947    
  2.921796     -4.057066    
  2.921822    -100.00000    
  2.925060     -3.588290    
  2.925086     -3.722618    
  2.925714     -3.754422    
  2.925740     -3.764475    
  2.925879     -3.782353    
  2.925905     -3.782763    
  2.925971     -3.785331    
  2.925997     -3.799041    
  2.927585     -3.828551    
  2.927611     -3.809554    
  2.927702     -3.818582    
  2.927728     -3.825134    
  2.927981     -3.837497    
  2.928007     -3.820389    
  2.928701     -3.798718    
  2.928727     -3.832841    
  2.929157     -3.863476    
  2.929183     -3.840862    
  2.929555     -3.870879    
  2.929581     -3.895907    
  2.929997     -3.865704    
  2.930023     -3.848780    
  2.930276     -3.828021    
  2.930302     -3.829966    
  2.930635     -3.896979    
  2.930661     -3.901765    
  2.930674     -3.903573    
  2.930700     -3.915942    
  2.930993     -3.869599    
  2.931020     -3.850010    
  2.931455     -3.838490    
  2.931481     -3.806409    
  2.932685     -3.855495    
  2.932711     -3.907383    
  2.934676     -4.016759    
  2.934702     -3.774966    
  2.935383     -3.845170    
  2.935409     -3.835133    
  2.936838     -3.906795    
  2.936864     -3.921489    
  2.937442     -3.866035    
  2.937468     -3.864774    
  2.937555     -3.859747    
  2.937581     -3.883251    
  2.939148     -3.858875    
  2.939174     -3.858368    
  2.939362     -3.842343    
  2.939388     -3.827020    
  2.942758     -3.843425    
  2.942785     -3.891653    
  2.943789     -3.816926    
  2.943815     -3.837106    
  2.943844     -3.828717    
  2.944299     -3.798006    
  2.944325     -3.822361    
  2.945296     -3.856333    
  2.945322     -3.908540    
  2.946304     -3.817324    
  2.946330     -3.803880    
  2.946717     -3.811145    
  2.946743     -3.812845    
  2.946776     -3.814299    
  2.946802     -3.851430    
  2.950801     -3.817244    
  2.950827     -3.800687    
  2.951318     -3.802968    
  2.951344     -3.802186    
  2.951741     -3.801516    
  2.951767     -3.804680    
  2.952632     -3.895746    
  2.952658     -3.835601    
  2.953349     -3.804499    
  2.953375     -3.804387    
  2.953780     -3.809586    
  2.953806     -3.811155    
  2.954021     -3.807793    
  2.954047     -3.805044    
  2.954374     -3.801895    
  2.954391     -3.804557    
  2.954417     -3.801578    
  2.954846     -3.847916    
  2.954872     -3.882285    
  2.955769     -3.789692    
  2.955795     -3.800587    
  2.956192     -3.811987    
  2.956218     -3.818012    
  2.956377     -3.830459    
  2.956403     -3.835628    
  2.956852     -3.815220    
  2.956878     -3.829649    
  2.957651     -3.803542    
  2.957677     -3.796040    
  2.957733     -3.796117    
  2.957759     -3.772219    
  2.958652     -3.930112    
  2.958678     -3.969477    
  2.958733     -3.968743    
  2.958753     -3.964482    
  2.958779     -3.948910    
  2.959227     -3.786189    
  2.959253     -3.810240    
  2.959299     -3.813228    
  2.959325     -3.817505    
  2.959550     -3.812635    
  2.959576     -3.808340    
  2.959605     -3.806094    
  2.959622     -3.804894    
  2.959648     -3.803101    
  2.959673     -3.801583    
  2.959699     -3.799563    
  2.959869     -3.796546    
  2.959895     -3.797265    
  2.959946     -3.797816    
  2.959972     -3.797014    
  2.960724     -3.824767    
  2.960751     -3.819002    
  2.961052     -3.819145    
  2.961078     -3.820011    
  2.961152     -3.819309    
  2.961178     -3.767567    
  2.963811     -3.616268    
  2.963837     -3.762770    
  2.965349     -3.670279    
  2.965375     -3.729879    
  2.965604     -3.703147    
  2.965631     -3.786305    
  2.969258     -3.530629    
  2.969284     -3.617914    
  2.969806     -3.513892    
  2.969832     -3.589046    
  2.973371     -3.520858    
  2.973397     -3.558979    
  2.975759     -3.530523    
  2.975785     -3.501792    
  2.976196     -3.526289    
  2.976222     -3.539853    
  2.978818     -3.571531    
  2.981393     -3.589236    
  2.981419     -3.466312    
  2.981911     -3.492655    
  2.981937     -3.500650    
  2.982453     -3.638834    
  2.982479     -3.704535    
  2.982902     -3.630933    
  2.982928     -3.534615    
  2.985851     -3.560801    
  2.988755     -3.615441    
  2.991639     -3.781588    
  2.994504     -3.509366    
  2.997351     -3.820577    
  3.000178     -3.595845    
  3.002988     -3.620156    
  3.005779     -3.630209    
  3.005806     -3.542190    
  3.006660     -3.629697    
  3.006686     -3.689630    
  3.007985     -3.587357    
  3.008011     -3.639697    
  3.008377     -3.629372    
  3.008403     -3.630212    
  3.008422     -3.630656    
  3.008449     -3.631815    
  3.012132     -3.610712    
  3.015785     -3.638325    
  3.019407     -3.603571    
  3.022999     -3.568791    
  3.023025     -3.572373    
  3.024692     -3.558763    
  3.024718     -3.566487    
  3.027002     -3.568162    
  3.027028     -3.568234    
  3.028469     -3.644919    
  3.028496     -3.640830    
  3.028525     -3.640522    
  3.028551     -3.605393    
  3.030734     -3.718589    
  3.032906     -3.593131    
  3.032932     -3.588919    
  3.037051     -3.657018    
  3.041131     -3.605881    
  3.041157     -3.613225    
  3.041192     -3.612008    
  3.041218     -3.604159    
  3.041743     -3.630286    
  3.041769     -3.618341    
  3.044049     -3.714293    
  3.044075     -3.604933    
  3.046448     -3.628658    
  3.046474     -3.658476    
  3.047296     -3.663536    
  3.047322     -3.629765    
  3.051393     -3.765696    
  3.051419     -3.568125    
  3.053164     -3.747005    
  3.053190     -3.841088    
  3.056650     -3.681021    
  3.056676     -3.642373    
  3.057784     -3.660003    
  3.057810     -3.659892    
  3.060993     -3.701513    
  3.064153     -3.720555    
  3.064179     -3.752954    
  3.067832     -3.713338    
  3.067858     -3.713323    
  3.071967     -3.777005    
  3.071993     -3.824488    
  3.074546     -3.680875    
  3.074572     -3.793511    
  3.077401     -3.731660    
  3.080211     -3.808922    
  3.083004     -3.874245    
  3.085779     -3.761938    
  3.085805     -3.827876    
  3.088194     -3.787387    
  3.088220     -3.755339    
  3.089253     -3.678235    
  3.089279     -3.734992    
  3.091880     -3.694304    
  3.091906     -3.733925    
  3.092972     -3.720961    
  3.092998     -3.694629    
  3.093275     -3.704264    
  3.093301     -3.768837    
  3.095382     -3.726669    
  3.095408     -3.756057    
  3.096210     -3.826294    
  3.096236     -3.733199    
  3.099421     -3.774283    
  3.099447     -3.741498    
  3.099999     -3.781360    
  3.100025     -3.768054    
  3.102791     -3.730162    
  3.105540     -3.735275    
  3.105566     -3.754535    
  3.108813     -3.715802    
  3.112036     -3.732727    
  3.112062     -3.725750    
  3.114717     -3.745924    
  3.114743     -3.714443    
  3.114932     -3.735991    
  3.114958     -3.720366    
  3.115849     -3.763895    
  3.115875     -3.846084    
  3.116210     -3.883789    
  3.116236     -3.842779    
  3.116288     -3.816825    
  3.116314     -3.767813    
  3.117008     -3.714135    
  3.117034     -3.711632    
  3.117770     -3.730982    
  3.117796     -3.720360    
  3.118254     -3.729997    
  3.118280     -3.743303    
  3.118920     -3.757311    
  3.118946     -3.779770    
  3.121185     -3.763624    
  3.123412     -3.770995    
  3.123438     -3.752063    
  3.124647     -3.809820    
  3.124673     -3.746099    
  3.126028     -3.770517    
  3.126054     -3.797725    
  3.127717     -3.753819    
  3.127743     -3.888240    
  3.129255     -3.763675    
  3.129281     -3.794628    
  3.132456     -3.769997    
  3.135607     -3.823404    
  3.135633     -3.813959    
  3.136213     -3.770157    
  3.136239     -3.837238    
  3.139077     -3.755083    
  3.139103     -3.830566    
  3.141139     -3.810660    
  3.141166     -3.807930    
  3.143607     -3.808195    
  3.143633     -3.803024    
  3.144132     -3.852018    
  3.144158     -3.904209    
  3.144987     -4.016895    
  3.145013    -100.00000    
  3.146789     -3.825861    
  3.146815     -3.792457    
  3.146918     -3.786806    
  3.146944     -3.770926    
  3.147826     -3.900605    
  3.147852     -3.766313    
  3.148759     -3.602241    
  3.148785     -3.769034    
  3.149778     -3.745549    
  3.149804     -3.715864    
  3.150669     -3.839517    
  3.150696     -3.860490    
  3.151307     -3.894083    
  3.151333     -3.950961    
  3.152574     -3.803160    
  3.152600     -3.768280    
  3.153099     -3.887843    
  3.153125     -3.904494    
  3.153411     -3.886338    
  3.153437     -3.880887    
  3.153464     -3.880199    
  3.153490     -3.900895    
  3.155047     -3.950484    
  3.155073     -3.909510    
  3.156105     -3.849966    
  3.156131     -4.023872    
  3.159449     -3.874852    
  3.159475     -3.869460    
  3.159789     -3.834285    
  3.159815     -3.913009    
  3.164039     -3.905235    
  3.164065     -3.859596    
  3.164664     -4.001809    
  3.164690     -3.966580    
  3.166009     -3.948921    
  3.166035     -3.991115    
  3.168014     -3.919444    
  3.168040     -3.915457    
  3.171700     -3.909230    
  3.171726     -3.955950    
  3.173608     -3.918620    
  3.173634     -3.969330    
  3.174198     -3.928967    
  3.174224     -3.911365    
  3.178220     -3.962141    
  3.178246     -4.031780    
  3.179496     -4.012629    
  3.179523     -4.015231    
  3.180493     -3.923837    
  3.180519     -3.897420    
  3.181705     -3.896236    
  3.181731     -3.921300    
  3.181840     -3.945912    
  3.181866     -3.951647    
  3.181990     -3.972010    
  3.182017     -3.953859    
  3.184999     -3.899119    
  3.185025     -3.892152    
  3.186118     -4.202861    
  3.186144     -4.038600    
  3.187507     -4.050213    
  3.187524     -4.102488    
  3.187550     -4.164819    
  3.188369     -4.244825    
  3.188395     -4.050180    
  3.189386     -4.062874    
  3.189412     -3.950803    
  3.189917     -5.411248    
  3.189943     -5.638333    
  3.190993     -5.382617    
  3.191019     -5.173311    
  3.191149     -4.984858    
  3.191176     -5.191773    
  3.192254     -4.191590    
  3.192280     -3.940899    
  3.194916     -3.885955    
  3.194942     -4.030540    
  3.196947     -4.191873    
  3.196973     -4.130059    
  3.199833     -4.059347    
  3.199859     -4.117061    
  3.202175     -4.013733    
  3.202201     -4.165812    
  3.203193     -3.935666    
  3.203219     -3.926768    
  3.204704     -4.202653    
  3.204730     -4.000671    
  3.207396     -4.125195    
  3.207422     -4.128652    
  3.209165     -4.101855    
  3.209192     -4.353882    
  3.209905     -4.087262    
  3.209931     -4.176269    
  3.211746     -4.175225    
  3.211772     -4.131910    
  3.213910     -4.130120    
  3.213936     -4.203018    
  3.217562     -4.060323    
  3.217588     -4.199658    
  3.217734     -4.126164    
  3.217760     -4.120056    
  3.218195     -4.017691    
  3.218221     -3.999113    
  3.218359     -3.974461    
  3.218385     -4.010846    
  3.221432     -4.164730    
  3.224458     -4.012444    
  3.224484     -4.155370    
  3.226728     -4.069949    
  3.228960     -4.029654    
  3.231181     -4.103397    
  3.233391     -4.123248    
  3.233417     -4.051414    
  3.235869     -4.085813    
  3.238307     -4.181123    
  3.240731     -4.055678    
  3.243142     -4.063083    
  3.243168     -4.046272    
  3.246203     -4.084567    
  3.249217     -4.067581    
  3.249243     -4.065069    
  3.251269     -4.040606    
  3.251295     -4.061638    
  3.251554     -4.076119    
  3.251580     -4.078098    
  3.254930     -4.098910    
  3.258254     -4.083553    
  3.258280     -4.101403    
  3.261671     -4.092821    
  3.261697     -4.113953    
  3.263492     -4.081660    
  3.263518     -4.122179    
  3.267500     -4.081719    
  3.271446     -4.096902    
  3.271472     -4.144757    
  3.273283     -4.079460    
  3.273309     -4.128314    
  3.276784     -4.129996    
  3.276810     -4.159386    
  3.279737     -4.166784    
  3.279763     -4.130899    
  3.279904     -4.148262    
  3.279930     -4.163188    
  3.281693     -4.105454    
  3.281719     -4.107958    
  3.283569     -4.139971    
  3.283595     -4.133614    
  3.285864     -4.131359    
  3.285890     -4.161483    
  3.288494     -4.170608    
  3.288521     -4.121059    
  3.289058     -4.127603    
  3.289085     -4.142183    
  3.291445     -4.139955    
  3.291471     -4.123338    
  3.292687     -4.137619    
  3.292713     -4.186909    
  3.294701     -4.245093    
  3.294727     -4.178192    
  3.295769     -4.146524    
  3.295795     -4.162571    
  3.295928     -4.159419    
  3.295954     -4.157858    
  3.296323     -4.167002    
  3.296349     -4.166721    
  3.296793     -4.118722    
  3.296819     -4.135517    
  3.299472     -4.141968    
  3.299498     -4.164891    
  3.301162     -4.184340    
  3.301188     -4.207370    
  3.302957     -4.206566    
  3.302983     -4.166705    
  3.305105     -4.153026    
  3.305131     -4.157915    
  3.306016     -4.197140    
  3.306042     -4.157406    
  3.306917     -4.147116    
  3.306943     -4.143696    
  3.309394     -4.162462    
  3.309420     -4.186694    
  3.309880     -4.167988    
  3.309906     -4.155658    
  3.310654     -4.156049    
  3.310680     -4.156901    
  3.311009     -4.167664    
  3.311035     -4.169509    
  3.311357     -4.184136    
  3.311383     -4.189825    
  3.311855     -4.184769    
  3.311881     -4.178784    
  3.312043     -4.173715    
  3.312069     -4.164433    
  3.315866     -4.198861    
  3.319630     -4.188041    
  3.319656     -4.195187    
  3.322697     -4.223111    
  3.325716     -4.213791    
  3.328715     -4.209314    
  3.331694     -4.221067    
  3.334652     -4.224212    
  3.337590     -4.242991    
  3.340508     -4.239967    
  3.343407     -4.249229    
  3.343433     -4.249610    
  3.347340     -4.261545    
  3.351212     -4.266764    
  3.351238     -4.268224    
  3.351711     -4.269503    
  3.351737     -4.269787    
  3.354728     -4.281087    
  3.357698     -4.284780    
  3.360649     -4.292634    
  3.363579     -4.339605    
  3.363605     -4.419031    
  3.365511     -4.270782    
  3.365537     -4.312044    
  3.367465     -4.311117    
  3.367491     -4.313530    
  3.367518     -4.313719    
  3.368345     -4.315870    
  3.368371     -4.314997    
  3.369799     -4.321305    
  3.369825     -4.322005    
  3.371854     -4.324567    
  3.371880     -4.326320    
  3.373656     -4.329985    
  3.373682     -4.330160    
  3.377642     -4.340600    
  3.377668     -4.342283    
  3.379189     -4.345964    
  3.379215     -4.350023    
  3.382117     -4.357238    
  3.382143     -4.354929    
  3.385913     -4.366277    
  3.385939     -4.366121    
  3.389822     -4.378487    
  3.389848     -4.378991    
  3.391164     -4.383034    
  3.391190     -4.387983    
  3.395069     -4.396129    
  3.395095     -4.395127    
  3.397989     -4.402650    
  3.398015     -4.401195    
  3.398446     -4.404566    
  3.398472     -4.403628    
  3.400885     -4.410170    
  3.400911     -4.408589    
  3.402458     -4.424658    
  3.402485     -4.427417    
  3.403625     -4.413489    
  3.403651     -4.418882    
  3.404157     -4.420050    
  3.404183     -4.421034    
  3.406906     -4.431178    
  3.409611     -4.436130    
  3.412300     -4.443643    
  3.414973     -4.452458    
  3.414999     -4.451251    
  3.419305     -4.464786    
  3.419331     -4.464752    
  3.422393     -4.475041    
  3.425434     -4.483494    
  3.428454     -4.496013    
  3.431452     -4.502396    
  3.431479     -4.499951    
  3.434953     -4.508386    
  3.434979     -4.510914    
  3.438935     -4.528510    
  3.442855     -4.534313    
  3.442881     -4.537087    
  3.444964     -4.543999    
  3.444990     -4.543952    
  3.447490     -4.548270    
  3.449964     -4.597476    
  3.449990     -4.558949    
  3.452474     -4.567864    
  3.454944     -4.575776    
  3.454970     -4.576840    
  3.457932     -4.583416    
  3.460873     -4.592445    
  3.463795     -4.602109    
  3.466698     -4.611442    
  3.466724     -4.610072    
  3.467614     -4.615436    
  3.467640     -4.617527    
  3.468776     -4.617163    
  3.468802     -4.617940    
  3.469484     -4.620451    
  3.469510     -4.620611    
  3.469535     -4.620779    
  3.469561     -4.620639    
  3.469873     -4.625332    
  3.469899     -4.626619    
  3.470209     -4.630383    
  3.470235     -4.638293    
  3.471210     -4.629347    
  3.471236     -4.625815    
  3.472958     -4.631516    
  3.472984     -4.629872    
  3.474130     -4.649065    
  3.474156     -4.627481    
  3.477552     -4.656515    
  3.480921     -4.654561    
  3.480947     -4.660522    
  3.483093     -4.661984    
  3.483119     -4.652601    
  3.485987     -4.703444    
  3.486013     -4.675039    
  3.486615     -4.673398    
  3.486641     -4.674878    
  3.490491     -4.689487    
  3.494307     -4.701855    
  3.494333     -4.699935    
  3.498611     -4.719027    
  3.502847     -4.706810    
  3.502873     -4.725058    
  3.503909     -4.732771    
  3.503935     -4.732335    
  3.504049     -4.734729    
  3.504075     -4.746992    
  3.505750     -4.734031    
  3.505776     -4.737647    
  3.505983     -4.738734    
  3.506009     -4.739429    
  3.506922     -4.740742    
  3.506948     -4.741334    
  3.507287     -4.742900    
  3.507313     -4.747115    
  3.511219     -4.754119    
  3.511245     -4.757299    
  3.513248     -4.763397    
  3.513274     -4.762312    
  3.515834     -4.770811    
  3.515860     -4.770136    
  3.515893     -4.780607    
  3.518219     -4.777912    
  3.520533     -4.786581    
  3.522835     -4.791873    
  3.525125     -4.807879    
  3.527403     -4.809086    
  3.529669     -4.822782    
  3.531923     -4.824343    
  3.534166     -4.831536    
  3.534192     -4.832728    
  3.535341     -4.832083    
  3.535367     -4.832523    
  3.539376     -4.855412    
  3.539403     -4.849055    
  3.541647     -4.853409    
  3.543879     -4.871816    
  3.543905     -4.863573    
  3.544530     -4.860875    
  3.544556     -4.864688    
  3.545185     -4.871673    
  3.545211     -4.870090    
  3.545491     -4.867965    
  3.545517     -4.870331    
  3.548458     -4.880997    
  3.548484     -4.877535    
  3.550178     -4.885901    
  3.550205     -4.889212    
  3.552184     -4.888460    
  3.552210     -4.889635    
  3.553416     -4.905230    
  3.553442     -4.904425    
  3.553493     -4.902773    
  3.553519     -4.896236    
  3.555658     -4.902162    
  3.555684     -4.902280    
  3.556758     -4.907678    
  3.556785     -4.916089    
  3.557726     -4.913869    
  3.557752     -4.906454    
  3.558877     -4.916643    
  3.558903     -4.915397    
  3.559141     -4.918562    
  3.559167     -4.919355    
  3.559322     -4.921231    
  3.559348     -4.916742    
  3.560882     -4.921581    
  3.560908     -4.926604    
  3.561003     -4.928081    
  3.561024     -4.928158    
  3.561050     -4.928250    
  3.561076     -4.928292    
  3.561161     -4.927435    
  3.561188     -4.926894    
  3.561399     -4.922600    
  3.561425     -4.922420    
  3.561492     -4.922022    
  3.561518     -4.921919    
  3.561733     -4.923282    
  3.561759     -4.923515    
  3.561929     -4.924149    
  3.561955     -4.924083    
  3.562293     -4.947089    
  3.565712     -4.886616    
  3.565738     -4.881872    
  3.568684     -4.936516    
  3.568710     -4.930435    
  3.572276     -4.935999    
  3.572302     -4.928091    
  3.575184     -4.934547    
  3.578046     -4.971766    
  3.580890     -4.943182    
  3.583716     -4.955284    
  3.583742     -4.960765    
  3.586195     -4.982727    
  3.588634     -4.960628    
  3.591060     -4.978954    
  3.593472     -4.992971    
  3.595871     -4.989484    
  3.598257     -4.995952    
  3.600630     -5.025935    
  3.602990     -5.012475    
  3.603016     -5.011658    
  3.606561     -5.031899    
  3.610077     -5.037899    
  3.610103     -5.036144    
  3.614107     -5.080364    
  3.618075     -5.056825    
  3.618101     -5.060142    
  3.619098     -5.064337    
  3.619124     -5.063165    
  3.620549     -5.071244    
  3.620575     -5.068541    
  3.621884     -5.072634    
  3.621910     -5.072952    
  3.623350     -5.092026    
  3.623376     -5.075741    
  3.625657     -5.090739    
  3.627926     -5.088474    
  3.627952     -5.092678    
  3.630143     -5.099939    
  3.630428     -5.101749    
  3.632323     -5.107860    
  3.632349     -5.109939    
  3.634351     -5.113040    
  3.634377     -5.113489    
  3.637591     -5.124395    
  3.637617     -5.116982    
  3.640932     -5.154230    
  3.644221     -5.150194    
  3.644248     -5.151419    
  3.646952     -5.155021    
  3.649641     -5.163562    
  3.652313     -5.175800    
  3.654968     -5.191429    
  3.654994     -5.236202    
  3.656771     -5.169282    
  3.656798     -5.196888    
  3.659416     -5.196393    
  3.659442     -5.207285    
  3.663645     -5.207641    
  3.663672     -5.209467    
  3.666918     -5.216145    
  3.670140     -5.264961    
  3.670166     -5.239426    
  3.673528     -5.248792    
  3.673554     -5.242990    
  3.676435     -5.253684    
  3.679298     -5.263350    
  3.682141     -5.272819    
  3.684966     -5.281724    
  3.684992     -5.282584    
  3.685363     -5.283892    
  3.685390     -5.283926    
  3.685421     -5.283966    
  3.687761     -5.291693    
  3.687787     -5.290024    
  3.688738     -5.296813    
  3.688764     -5.301794    
  3.688892     -5.315375    
  3.688918     -5.389952    
  3.690761     -5.280628    
  3.690787     -5.302134    
  3.691489     -5.304338    
  3.691515     -5.303805    
  3.694842     -5.316669    
  3.694868     -5.328216    
  3.695395     -5.336645    
  3.695421     -5.326393    
  3.695548     -5.318431    
  3.695574     -5.316318    
  3.699531     -5.330201    
  3.703451     -5.350251    
  3.707337     -5.358261    
  3.711188     -5.370969    
  3.711214     -5.371145    
  3.712650     -5.376548    
  3.713266     -5.378463    
  3.713292     -5.379779    
  3.715965     -5.387609    
  3.718622     -5.396078    
  3.718648     -5.397125    
  3.719507     -5.398448    
  3.719533     -5.398825    
  3.719809     -5.401237    
  3.719835     -5.402916    
  3.720772     -5.403903    
  3.720798     -5.403586    
  3.721949     -5.407548    
  3.721976     -5.407759    
  3.726014     -5.421471    
  3.726040     -5.421827    
  3.729224     -5.432944    
  3.729250     -5.433095    
  3.730799     -5.438464    
  3.730825     -5.437708    
  3.733074     -5.446830    
  3.733100     -5.443987    
  3.736642     -5.463235    
  3.740157     -5.471234    
  3.740183     -5.471130    
  3.740658     -5.472698    
  3.740684     -5.472627    
  3.742813     -5.480318    
  3.742839     -5.480352    
  3.743010     -5.481019    
  3.743036     -5.482519    
  3.745487     -5.489285    
  3.747926     -5.498036    
  3.747952     -5.498065    
  3.748402     -5.499664    
  3.748428     -5.494643    
  3.750148     -5.519040    
  3.750174     -5.522457    
  3.751807     -5.505362    
  3.751825     -5.511668    
  3.751851     -5.511722    
  3.752945     -5.515469    
  3.752971     -5.515577    
  3.753218     -5.516448    
  3.753244     -5.516540    
  3.753912     -5.518933    
  3.753938     -5.518942    
  3.754688     -5.521883    
  3.754715     -5.522299    
  3.755025     -5.523767    
  3.755051     -5.523710    
  3.755248     -5.523770    
  3.755274     -5.523694    
  3.755553     -5.524446    
  3.755579     -5.523944    
  3.758844     -5.536944    
  3.758870     -5.535341    
  3.762813     -5.547754    
  3.766720     -5.569846    
  3.770592     -5.588363    
  3.774430     -5.585065    
  3.774456     -5.589543    
  3.777991     -5.602470    
  3.778017     -5.602267    
  3.778151     -5.602816    
  3.781504     -5.615718    
  3.781530     -5.614988    
  3.785355     -5.628961    
  3.789147     -5.642583    
  3.792906     -5.655600    
  3.796633     -5.667687    
  3.796659     -5.670731    
  3.799528     -5.678420    
  3.802378     -5.689385    
  3.802405     -5.692088    
  3.802753     -5.696576    
  3.802779     -5.692398    
  3.804109     -5.694275    
  3.804136     -5.695285    
  3.805742     -5.701006    
  3.805768     -5.701120    
  3.806039     -5.702131    
  3.806065     -5.702217    
  3.806646     -5.704261    
  3.806672     -5.704623    
  3.807576     -5.706910    
  3.807602     -5.706842    
  3.808354     -5.710528    
  3.808380     -5.709816    
  3.809479     -5.720508    
  3.809505     -5.715310    
  3.809846     -5.714515    
  3.809872     -5.715601    
  3.810525     -5.718121    
  3.810551     -5.718132    
  3.811407     -5.721302    
  3.811433     -5.721389    
  3.811548     -5.721793    
  3.811574     -5.721883    
  3.811599     -5.721968    
  3.811625     -5.722025    
  3.812345     -5.724681    
  3.812371     -5.726058    
  3.814695     -5.732913    
  3.817007     -5.742059    
  3.819307     -5.788413    
  3.821595     -5.737943    
  3.821621     -5.758005    
  3.823807     -5.765867    
  3.825982     -5.787668    
  3.830301     -5.792461    
  3.830327     -5.787376    
  3.834271     -5.804074    
  3.838180     -5.817464    
  3.838207     -5.817805    
  3.840521     -5.829264    
  3.842823     -5.832411    
  3.842849     -5.835458    
  3.843871     -5.838275    
  3.843897     -5.838176    
  3.847941     -5.848435    
  3.851948     -5.879510    
  3.855919     -5.881917    
  3.859853     -5.898796    
  3.859879     -5.896775    
  3.862843     -5.906947    
  3.865788     -5.920805    
  3.865814     -5.918296    
  3.866065     -5.919230    
  3.866091     -5.919192    
  3.868658     -5.928868    
  3.871210     -5.938371    
  3.871236     -5.938228    
  3.873680     -5.947163    
  3.876111     -5.956371    
  3.878528     -5.965335    
  3.880932     -5.973620    
  3.880959     -5.973575    
  3.883813     -5.986583    
  3.886649     -5.995416    
  3.889466     -6.005309    
  3.892265     -6.015887    
  3.892291     -6.016369    
  3.894417     -6.021620    
  3.894443     -6.023666    
  3.895163     -6.026590    
  3.895189     -6.027117    
  3.898690     -6.038979    
  3.898716     -6.039665    
  3.900445     -6.046118    
  3.900462     -6.045649    
  3.900488     -6.045966    
  3.901329     -6.048694    
  3.901356     -6.048712    
  3.902300     -6.052636    
  3.902326     -6.051919    
  3.903658     -6.059638    
  3.903684     -6.060986    
  3.904238     -6.058685    
  3.904264     -6.059793    
  3.905415     -6.064143    
  3.905441     -6.064200    
  3.905995     -6.066177    
  3.906021     -6.066222    
  3.906888     -6.069368    
  3.906914     -6.066934    
  3.907705     -6.066604    
  3.907731     -6.071242    
  3.908373     -6.074805    
  3.908399     -6.075336    
  3.908503     -6.075805    
  3.908529     -6.079424    
  3.912223     -6.088229    
  3.912249     -6.089546    
  3.913098     -6.092848    
  3.913124     -6.092936    
  3.913216     -6.093284    
  3.913243     -6.093364    
  3.913438     -6.094316    
  3.913465     -6.094458    
  3.913745     -6.096671    
  3.913771     -6.096863    
  3.913800     -6.097046    
  3.913826     -6.097192    
  3.913873     -6.097386    
  3.913899     -6.097452    
  3.913915     -6.097481    
  3.913940     -6.097506    
  3.913967     -6.097532    
  3.914112     -6.097259    
  3.914138     -6.099909    
  3.916945     -6.099488    
  3.916971     -6.092688    
  3.920612     -6.103237    
  3.924221     -6.123415    
  3.927801     -6.140702    
  3.931352     -6.148982    
  3.931378     -6.161461    
  3.935116     -6.162546    
  3.938821     -6.173631    
  3.938847     -6.172043    
  3.941053     -6.186650    
  3.943248     -6.189144    
  3.945432     -6.205560    
  3.947605     -6.203958    
  3.951918     -6.224942    
  3.956189     -6.219912    
  3.956215     -6.249725    
  3.959412     -6.250065    
  3.962586     -6.255952    
  3.965737     -6.271787    
  3.968865     -6.295199    
  3.968891     -6.279976    
  3.972582     -6.296837    
  3.976241     -6.306936    
  3.979870     -6.322176    
  3.983469     -6.354344    
  3.983495     -6.333620    
  3.985959     -6.343925    
  3.988409     -6.351926    
  3.990846     -6.359922    
  3.993269     -6.371054    
  3.993295     -6.370343    
  3.995544     -6.378710    
  3.997782     -6.386753    
  3.997808     -6.386892    
  4.001416     -6.393651    
  4.004993     -6.433417    
  4.008542     -6.431364    
  4.012062     -6.440018    
  4.015553     -6.458923    
  4.019017     -6.465527    
  4.022453     -6.479046    
  4.025862     -6.491844    
  4.025888     -6.491620    
  4.029667     -6.506036    
  4.033413     -6.520084    
  4.033440     -6.520136    
  4.034804     -6.525292    
  4.034830     -6.525656    
  4.038396     -6.540884    
  4.038422     -6.538829    
  4.039117     -6.541406    
  4.039143     -6.538716    
  4.042356     -6.592832    
  4.042382     -6.558888    
  4.044890     -6.564112    
  4.047383     -6.573033    
  4.047409     -6.573677    
  4.047809     -6.574440    
  4.047835     -6.574336    
  4.047865     -6.574353    
  4.051262     -6.587091    
  4.054633     -6.600024    
  4.057978     -6.611374    
  4.061297     -6.624760    
  4.061323     -6.625008    
  4.064372     -6.636378    
  4.067400     -6.650991    
  4.070406     -6.659201    
  4.073392     -6.670540    
  4.073418     -6.670593    
  4.075738     -6.679093    
  4.078046     -6.688669    
  4.078072     -6.688192    
  4.080271     -6.696570    
  4.080297     -6.697884    
  4.080888     -6.694629    
  4.080914     -6.691490    
  4.080998     -6.688293    
  4.081024     -6.687285    
  4.081040     -6.686701    
  4.081066     -6.678996    
  4.082224     -6.721391    
  4.082250     -6.733458    
  4.084297     -6.700605    
  4.084323     -6.712008    
  4.086519     -6.720120    
  4.088705     -6.728473    
  4.093043     -6.746631    
  4.097338     -6.761277    
  4.101591     -6.776616    
  4.101617     -6.775903    
  4.105086     -6.791252    
  4.108527     -6.806456    
  4.111941     -6.835565    
  4.115328     -6.831985    
  4.118689     -6.842003    
  4.122025     -6.855792    
  4.125335     -6.868260    
  4.128620     -6.880799    
  4.128646     -6.881808    
  4.131400     -6.891487    
  4.134137     -6.901892    
  4.136856     -6.912339    
  4.139559     -6.922085    
  4.142245     -6.933594    
  4.144915     -6.943297    
  4.147568     -6.951748    
  4.150205     -6.963488    
  4.150231     -6.963683    
  4.153104     -6.974711    
  4.155957     -6.985714    
  4.155983     -6.985829    
  4.156244     -6.986807    
  4.156270     -6.987539    
  4.158133     -6.994076    
  4.158160     -6.994092    
  4.158947     -6.996462    
  4.158973     -6.996663    
  4.161758     -7.007478    
  4.161784     -7.007712    
  4.163410     -7.013388    
  4.163436     -7.012622    
  4.163793     -7.014331    
  4.163819     -7.014718    
  4.163989     -7.015887    
  4.164015     -7.017639    
  4.168129     -7.025941    
  4.172204     -7.042969    
  4.176241     -7.058027    
  4.180241     -7.074213    
  4.184204     -7.092836    
  4.188131     -7.105995    
  4.192024     -7.119794    
  4.195882     -7.137036    
  4.195908     -7.131824    
  4.198350     -7.149621    
  4.200780     -7.150184    
  4.203195     -7.168127    
  4.205597     -7.167953    
  4.207986     -7.180242    
  4.210362     -7.193846    
  4.212725     -7.197953    
  4.215075     -7.206367    
  4.217413     -7.225415    
  4.219738     -7.223614    
  4.222051     -7.233623    
  4.224351     -7.242059    
  4.226639     -7.251865    
  4.228916     -7.265346    
  4.231180     -7.269606    
  4.233433     -7.280526    
  4.233459     -7.280700    
  4.235750     -7.287114    
  4.238029     -7.295581    
  4.240296     -7.308795    
  4.242552     -7.328368    
  4.244795     -7.321796    
  4.247028     -7.331697    
  4.249248     -7.338922    
  4.251458     -7.347839    
  4.251484     -7.351047    
  4.255470     -7.362517    
  4.259419     -7.379012    
  4.259445     -7.377627    
  4.261746     -7.389881    
  4.261772     -7.400950    
  4.265747     -7.396998    
  4.265773     -7.403013    
  4.266098     -7.404267    
  4.266124     -7.404381    
  4.269803     -7.417918    
  4.273452     -7.436435    
  4.277070     -7.457569    
  4.280658     -7.459782    
  4.284217     -7.486659    
  4.287747     -7.487929    
  4.291249     -7.510780    
  4.294722     -7.508494    
  4.294748     -7.515532    
  4.297714     -7.527100    
  4.300661     -7.538584    
  4.303587     -7.549848    
  4.306494     -7.561287    
  4.309381     -7.572518    
  4.312250     -7.583789    
  4.315099     -7.604013    
  4.317931     -7.605803    
  4.320743     -7.616527    
  4.323538     -7.627727    
  4.326314     -7.642718    
  4.329073     -7.648277    
  4.331815     -7.659995    
  4.334540     -7.670675    
  4.337247     -7.687898    
  4.339938     -7.691007    
  4.339964     -7.691884    
  4.343714     -7.706430    
  4.347431     -7.720983    
  4.347457     -7.721156    
  4.350370     -7.732472    
  4.353264     -7.743650    
  4.353290     -7.743899    
  4.353671     -7.745406    
  4.353698     -7.745312    
  4.356104     -7.754618    
  4.356130     -7.754839    
  4.357295     -7.759375    
  4.357321     -7.759461    
  4.357613     -7.760608    
  4.357639     -7.760704    
  4.357809     -7.761364    
  4.357835     -7.761797    
  4.360667     -7.771118    
  4.363481     -7.781681    
  4.366277     -7.792661    
  4.369055     -7.803488    
  4.371816     -7.814164    
  4.374559     -7.825041    
  4.377285     -7.835661    
  4.379993     -7.846216    
  4.382685     -7.857931    
  4.385361     -7.867635    
  4.388020     -7.882182    
  4.390662     -7.888716    
  4.393289     -7.897987    
  4.395900     -7.910095    
  4.398496     -7.919927    
  4.401076     -7.929128    
  4.403640     -7.939725    
  4.406190     -7.950227    
  4.408725     -7.961826    
  4.411245     -7.973878    
  4.413751     -7.977712    
  4.416242     -7.987997    
  4.418719     -8.003728    
  4.421182     -8.013671    
  4.423631     -8.015695    
  4.426066     -8.026749    
  4.428488     -8.037296    
  4.430896     -8.047170    
  4.433291     -8.055110    
  4.435673     -8.064064    
  4.438042     -8.074889    
  4.440398     -8.083009    
  4.440424     -8.083217    
  4.442834     -8.098004    
  4.445231     -8.098752    
  4.445257     -8.102089    
  4.447541     -8.110947    
  4.449813     -8.120033    
  4.452073     -8.128873    
  4.454321     -8.138050    
  4.456558     -8.146655    
  4.458783     -8.153603    
  4.460997     -8.169134    
  4.463200     -8.172254    
  4.465392     -8.181211    
  4.467572     -8.190003    
  4.471901     -8.206338    
  4.476187     -8.223650    
  4.480431     -8.240967    
  4.512967     -8.368674    
  4.512994     -8.368422    
  4.514640     -8.379875    
  4.514666     -8.374755    
  4.515975     -8.380504    
  4.516001     -8.380418    
  4.516171     -8.381087    
  4.516198     -8.382205    
  4.585499     -8.656330    
  4.585525     -8.656195    
  4.648519     -8.904128    
  4.648545     -8.903156    
  4.649578     -8.907446    
  4.649604     -8.907456    
  4.649869     -8.908388    
  4.649895     -8.908502    
  4.650065     -8.909187    
  4.650091     -8.909915    
  4.709795     -9.146963    
  4.709821     -9.146714    
  4.765784     -9.368979    
  4.765810     -9.367771    
  4.765853     -9.367941    
  4.765875     -9.368029    
  4.765901     -9.368132    
  4.766049     -9.368719    
  4.766075     -9.369438    
  4.818511     -9.578212    
  4.818536     -9.577923    
  4.868125     -9.775348    
  4.868151     -9.772430    
  4.868182     -9.772459    
  4.868208     -9.772457    
  4.868354     -9.774068    
  4.868380     -9.768920    
  4.915120     -9.965174    
  4.915146     -9.962079    
  4.959480     -10.13859    
  4.959506     -10.13779    
  4.959673     -10.13849    
  4.959697     -10.13862    
  4.959723     -10.13874    
  4.959869     -10.13936    
  4.959895     -10.14022    
  5.002051     -10.30827    
  5.002077     -10.30828    
  5.042016     -10.46756    
  5.042042     -10.46709    
  5.042458     -10.46874    
  5.042484     -10.46885    
  5.042511     -10.46896    
  5.042654     -10.46953    
  5.042681     -10.46904    
  5.081068     -10.62324    
  5.081094     -10.61753    
  5.117599     -10.76752    
  5.117625     -10.76864    
  5.118035     -10.77028    
  5.118061     -10.77038    
  5.118087     -10.77049    
  5.118232     -10.77106    
  5.118258     -10.77146    
  5.153493     -10.91239    
  5.153519     -10.91214    
  5.187234     -11.04718    
  5.187260     -11.04673    
  5.187559     -11.04792    
  5.187585     -11.04802    
  5.187614     -11.04814    
  5.187756     -11.04870    
  5.187782     -11.04965    
  5.251210     -11.30366    
  5.251236     -11.30237    
  5.251962     -11.30528    
  5.251988     -11.30538    
  5.252125     -11.30593    
  5.252151     -11.30594    
  5.311781     -11.54321    
  5.311807     -11.54448    
  5.311888     -11.54480    
  5.311914     -11.54490    
  5.312051     -11.54546    
  5.312078     -11.54667    
  5.368109     -11.77006    
  5.368135     -11.77048    
  5.420767     -11.98108    
  5.420793     -11.97949    
  5.470414     -12.17636    
  5.470440     -12.17845    
  5.517376     -12.36689    
  5.517402     -12.36652    
  5.561929     -12.54445    
  5.561955     -12.54474    
  5.604308     -12.70897    
  5.604334     -12.71360    
  5.644714     -12.87497    
  5.644741     -12.90602    
  6.103239     -14.98293    
  6.321265     -15.59342    
  6.573971     -16.60285    
  6.848660     -17.64425    
  7.135895     -18.63326    
  7.429860     -19.53064    
  7.727314     -20.34161    
  8.026545     -21.10762    
  8.326672     -21.88470    
  8.627250     -22.70445    
  8.928054    -100.00000    
