 0.6915830    -100.00000    
 0.6916091    -100.00000    
 0.6950408    -100.00000    
 0.6950669    -100.00000    
 0.6981765    -100.00000    
 0.6982026    -100.00000    
 0.6989700    -100.00000    
 0.7265526    -100.00000    
 0.7524875     -201.6760    
 0.7525136    -100.00000    
 0.7562684     -200.2326    
 0.7562944    -100.00000    
 0.7903624    -100.00000    
 0.8219512     -179.8236    
 0.8219773     -180.0429    
 0.8256871     -178.4070    
 0.8257132     -178.3313    
 0.8270964     -177.9175    
 0.8271225     -177.9541    
 0.8287464     -177.4651    
 0.8287724    -100.00000    
 0.8615415    -100.00000    
 0.8920105    -100.00000    
 0.9204814    -100.00000    
 0.9472000     -150.3893    
 0.9472261    -100.00000    
 0.9610684     -147.7714    
 0.9610945    -100.00000    
 0.9737423     -145.5559    
 0.9737684    -100.00000    
 0.9757254     -144.6056    
 0.9757515     -142.7909    
 0.9780505     -141.6738    
 0.9780766    -100.00000    
  1.002006    -100.00000    
  1.024685    -100.00000    
  1.066772    -100.00000    
  1.105139    -100.00000    
  1.140390    -100.00000    
  1.172993    -100.00000    
  1.203318    -100.00000    
  1.231664    -100.00000    
  1.258272     -116.5120    
  1.258298    -100.00000    
  1.281083     -115.4333    
  1.281109     -112.8049    
  1.305160     -112.5248    
  1.305186     -94.12657    
  1.326915     -93.62619    
  1.326941     -93.33413    
  1.346694     -92.93197    
  1.346720     -92.99059    
  1.362546     -92.74464    
  1.362572     -93.56428    
  1.390897     -92.03918    
  1.390924    -100.00000    
  1.416635     -88.32621    
  1.416661    -100.00000    
  1.443021     -82.75195    
  1.443047    -100.00000    
  1.465962     -78.26838    
  1.465988    -100.00000    
  1.485873     -74.27244    
  1.485899    -100.00000    
  1.499967     -71.59883    
  1.499993    -100.00000    
  1.524019    -100.00000    
  1.546785     -63.99531    
  1.546812    -100.00000    
  1.576132     -59.21681    
  1.576158    -100.00000    
  1.604777     -55.03532    
  1.604803    -100.00000    
  1.629435     -51.57876    
  1.629461    -100.00000    
  1.655483    -100.00000    
  1.680033    -100.00000    
  1.703270    -100.00000    
  1.725326     -40.10994    
  1.725352     -40.08831    
  1.731789     -39.25668    
  1.731815    -100.00000    
  1.759985    -100.00000    
  1.786439     -34.12825    
  1.786465    -100.00000    
  1.816267    -100.00000    
  1.844155     -29.13941    
  1.844181    -100.00000    
  1.873455     -26.85973    
  1.873481    -100.00000    
  1.905852     -24.52729    
  1.905878     -24.37828    
  1.913985     -23.73058    
  1.914011     -24.48387    
  1.926739     -22.91082    
  1.926765     -22.83092    
  1.927492     -22.78302    
  1.927518    -100.00000    
  1.953099     -21.32563    
  1.953125    -100.00000    
  1.992547     -19.06878    
  1.992573     -18.78956    
  1.994242     -18.69679    
  1.994268     -18.69547    
  1.996583     -18.56572    
  1.996609     -18.56208    
  1.997969     -18.48444    
  1.997995     -18.59325    
  2.007452     -17.99577    
  2.007478     -18.11268    
  2.018315     -17.41403    
  2.018341     -17.42887    
  2.028139     -16.89603    
  2.028165     -16.97637    
  2.036834     -16.42319    
  2.036860    -100.00000    
  2.054806     -15.55007    
  2.054832     -15.48244    
  2.061074     -15.16273    
  2.061100     -15.92387    
  2.077560     -14.42026    
  2.077586     -14.56221    
  2.096009     -13.66059    
  2.096035     -13.50741    
  2.097335     -13.43867    
  2.097361     -13.33787    
  2.101549     -13.67288    
  2.101575     -13.63147    
  2.102614     -13.58375    
  2.102640     -13.58693    
  2.105856     -13.43855    
  2.105882     -13.43207    
  2.106131     -13.42240    
  2.106157     -13.43729    
  2.111538     -13.18728    
  2.111564     -13.17789    
  2.111972     -13.16692    
  2.111998     -13.20375    
  2.119253     -14.68353    
  2.119279     -13.89330    
  2.124259     -13.33907    
  2.124285     -13.98047    
  2.127003     -13.21687    
  2.127029     -12.92379    
  2.127689     -12.96740    
  2.127715     -13.53906    
  2.137516     -13.09763    
  2.137543     -12.89409    
  2.138167     -13.08158    
  2.138193     -13.22576    
  2.149401     -12.79475    
  2.149427     -12.87224    
  2.150323     -12.75623    
  2.150349     -12.76740    
  2.150451     -12.77748    
  2.150478     -12.69025    
  2.156771     -12.61154    
  2.156797     -12.62257    
  2.158990     -12.42599    
  2.159016     -12.66436    
  2.168085     -11.65440    
  2.168111     -12.14192    
  2.177634     -11.52399    
  2.177660     -11.63779    
  2.181761     -11.59364    
  2.181787     -11.26997    
  2.188475     -11.17452    
  2.188501     -11.63181    
  2.202392     -10.69789    
  2.202418     -10.67655    
  2.204200     -10.75429    
  2.204226     -10.81687    
  2.209967     -10.56068    
  2.209993     -10.48992    
  2.217868     -10.33556    
  2.217894     -10.61121    
  2.217973     -10.61254    
  2.217999     -10.61017    
  2.218346     -10.63156    
  2.218372     -10.64284    
  2.218718     -10.65089    
  2.218745     -10.72373    
  2.225651     -10.59973    
  2.232450     -10.30300    
  2.232476     -10.29439    
  2.234725     -10.82685    
  2.234751     -10.88527    
  2.239647     -10.31254    
  2.239673     -10.46675    
  2.242461     -10.21743    
  2.242487     -9.940991    
  2.243634     -9.964117    
  2.243660     -10.11712    
  2.245376     -9.865111    
  2.245402     -10.60777    
  2.250751     -10.12638    
  2.250777     -10.29826    
  2.253726     -9.745741    
  2.253752     -10.38942    
  2.257114     -10.03840    
  2.260450     -11.02230    
  2.263761     -9.869888    
  2.267047     -9.920405    
  2.267073     -9.934859    
  2.270520     -10.10239    
  2.270546     -10.09174    
  2.271659     -9.866193    
  2.271685     -9.840049    
  2.271838     -9.848262    
  2.271864     -10.05225    
  2.273764     -10.59276    
  2.273790     -10.30922    
  2.275848     -9.699289    
  2.275875     -9.771672    
  2.278055     -10.08555    
  2.278081     -10.01943    
  2.280272     -10.11543    
  2.280298     -10.24904    
  2.283835     -9.625944    
  2.283861     -9.631374    
  2.285263     -9.568693    
  2.285289     -9.474729    
  2.286319     -9.751527    
  2.286345     -9.862874    
  2.286816     -9.828987    
  2.286843     -10.07268    
  2.289444     -9.435959    
  2.292031     -9.853806    
  2.294602    -100.00000    
  2.297158     -9.014664    
  2.297184     -9.119069    
  2.298013     -9.275400    
  2.298039     -9.232713    
  2.299510     -9.863932    
  2.299536     -9.593727    
  2.301188     -9.317965    
  2.302835     -9.291052    
  2.304475     -9.455085    
  2.306109     -8.662367    
  2.306135     -8.495496    
  2.307390     -8.631377    
  2.308642     -11.05119    
  2.308668     -9.726332    
  2.310145     -9.072169    
  2.311618     -9.262829    
  2.313085     -9.342750    
  2.314548     -8.797515    
  2.314574     -8.710784    
  2.315022     -9.283847    
  2.315048     -9.452614    
  2.315628     -9.704966    
  2.315654     -9.055141    
  2.316640     -9.718250    
  2.317624     -9.700904    
  2.317650     -10.14534    
  2.318472     -8.900049    
  2.318499     -8.789883    
  2.319125     -8.572259    
  2.319151     -8.798279    
  2.320138     -8.170367    
  2.321123     -8.259986    
  2.322105     -8.307825    
  2.323085     -8.373279    
  2.323111     -8.648829    
  2.324238     -8.153094    
  2.324264     -8.004150    
  2.325142     -7.977060    
  2.326019     -8.588794    
  2.326894     -9.089391    
  2.327767     -8.748972    
  2.327793     -8.847257    
  2.328784     -9.010582    
  2.329773     -8.721320    
  2.330760     -9.372658    
  2.331745     -9.067989    
  2.331771     -9.071090    
  2.332451     -8.625186    
  2.333131     -8.230842    
  2.333157     -8.235416    
  2.333940     -7.981576    
  2.334721    -100.00000    
  2.334747     -9.023139    
  2.335758     -8.829507    
  2.336767     -8.921107    
  2.337773     -8.930316    
  2.338777     -8.885037    
  2.338803     -8.882343    
  2.339391     -8.866473    
  2.339977     -8.794320    
  2.340563     -8.828083    
  2.341149     -8.699689    
  2.341175     -8.715962    
  2.341313     -8.725266    
  2.341339     -8.727992    
  2.341416     -8.733949    
  2.341442     -8.741400    
  2.341995     -8.739157    
  2.342548     -8.678755    
  2.342574     -8.661863    
  2.343152     -8.545843    
  2.343730     -8.624125    
  2.344307     -8.682463    
  2.344884     -8.608075    
  2.344910     -8.523545    
  2.345914     -8.624812    
  2.346415     -8.746687    
  2.346916     -8.618320    
  2.347416     -8.610246    
  2.347915     -8.809556    
  2.348414     -8.722570    
  2.348912     -8.535731    
  2.348938     -8.558158    
  2.349663     -8.476232    
  2.350387     -8.343680    
  2.350413     -8.344651    
  2.351174     -8.272825    
  2.351935     -8.194638    
  2.352694     -8.046013    
  2.353452     -8.204056    
  2.353478     -8.196685    
  2.354014     -8.004681    
  2.354040     -8.056084    
  2.354826     -7.903879    
  2.355610     -7.838645    
  2.356393     -7.714580    
  2.357175     -7.799826    
  2.357201     -7.910146    
  2.357613     -7.810852    
  2.357639     -7.957298    
  2.360689     -7.192864    
  2.360715     -7.046214    
  2.361482    -100.00000    
  2.361508     -6.913374    
  2.370561     -6.989640    
  2.370587     -7.148618    
  2.372143     -6.230564    
  2.372169     -6.794041    
  2.373576     -6.547106    
  2.373602     -6.917082    
  2.376732     -6.578294    
  2.376758    -100.00000    
  2.381432     -5.621627    
  2.381458     -5.752356    
  2.381604     -5.797435    
  2.381630     -5.804219    
  2.382020     -5.984720    
  2.382046     -5.677912    
  2.384696     -6.109876    
  2.384723     -6.076083    
  2.387156     -5.880828    
  2.387182     -5.727246    
  2.387250     -5.725644    
  2.387276     -5.665620    
  2.397757     -5.585983    
  2.397783     -5.316426    
  2.403737     -5.145123    
  2.403763     -5.018254    
  2.405849     -5.234266    
  2.405875     -5.190816    
  2.406950     -5.180155    
  2.406976     -4.948342    
  2.409375     -5.551717    
  2.409401     -6.092413    
  2.409997     -5.221214    
  2.410023     -5.073426    
  2.411532     -5.166606    
  2.411558     -4.779737    
  2.413129     -4.805848    
  2.413155     -4.788710    
  2.414139     -4.971650    
  2.414165     -4.998443    
  2.414800     -4.965685    
  2.414826     -4.891832    
  2.417258     -5.043480    
  2.417284     -4.848991    
  2.417479     -4.871900    
  2.417505     -5.225117    
  2.419934     -4.680475    
  2.419960     -5.027906    
  2.429044     -4.793115    
  2.429070    -100.00000    
  2.429812     -4.533291    
  2.429838     -4.638911    
  2.429941     -4.661353    
  2.429968     -4.726894    
  2.433545     -4.973153    
  2.433571     -5.336718    
  2.434793     -4.339813    
  2.434819     -4.584953    
  2.435600     -6.359308    
  2.435626     -4.593987    
  2.438130     -4.752620    
  2.438156     -4.931221    
  2.438775     -4.750183    
  2.438801     -4.827450    
  2.441117     -4.908254    
  2.441143     -4.984866    
  2.441622     -4.887498    
  2.441648     -4.738369    
  2.443145     -4.937138    
  2.443172     -5.064999    
  2.446855     -4.735694    
  2.446881    -100.00000    
  2.448077     -5.627688    
  2.448103     -5.257988    
  2.449403     -4.575185    
  2.449429     -4.643929    
  2.454802     -4.851691    
  2.454828     -4.983963    
  2.455220     -4.933295    
  2.455246     -4.885934    
  2.455715     -4.578911    
  2.455741     -4.610681    
  2.456057     -4.678092    
  2.456083     -4.651968    
  2.457136     -4.567799    
  2.457162     -4.697711    
  2.460232     -4.867439    
  2.460258     -4.749439    
  2.460625     -4.667789    
  2.460651     -4.686557    
  2.461200     -4.539097    
  2.461226     -4.512693    
  2.461623     -4.584165    
  2.461649     -4.681272    
  2.465081     -4.845310    
  2.465107     -4.948007    
  2.466316     -4.800533    
  2.466342     -4.888748    
  2.467007     -4.775114    
  2.467033     -4.710576    
  2.469850     -4.744140    
  2.469876     -4.792768    
  2.470870     -4.888400    
  2.470896     -4.824750    
  2.471160     -4.826259    
  2.471186     -4.831117    
  2.471286     -4.835758    
  2.471312     -4.845848    
  2.471592     -4.793107    
  2.471618     -4.761310    
  2.471859     -4.667438    
  2.471885     -4.787410    
  2.473938     -4.464701    
  2.473964     -4.551162    
  2.476473     -4.912151    
  2.476499     -4.557256    
  2.476658     -4.504160    
  2.476684     -4.491388    
  2.477008     -4.467709    
  2.477034     -4.453461    
  2.479576     -4.773359    
  2.479602     -4.447087    
  2.483495     -5.268734    
  2.483521     -5.204994    
  2.483855     -4.969468    
  2.483881     -4.956375    
  2.484161     -4.818426    
  2.484187     -4.804341    
  2.484225     -4.785139    
  2.484298     -4.745958    
  2.484324     -4.734368    
  2.484548     -4.605424    
  2.484574     -4.434986    
  2.487068     -4.754550    
  2.487094     -4.473317    
  2.490987     -4.502527    
  2.491013     -4.614456    
  2.491430     -4.474104    
  2.491456     -4.417821    
  2.493829     -4.884827    
  2.493855     -5.078617    
  2.494479     -4.739728    
  2.494505     -5.172826    
  2.496138     -5.157026    
  2.496164     -4.753677    
  2.497264     -4.529804    
  2.497290     -4.673988    
  2.497709     -4.702674    
  2.497735     -4.612724    
  2.498054     -4.338684    
  2.498080     -4.397454    
  2.501933     -4.431002    
  2.501959     -4.634585    
  2.503950     -4.772905    
  2.503976     -4.456084    
  2.504100     -4.362087    
  2.504126     -4.305804    
  2.506222     -4.786256    
  2.506248     -4.862197    
  2.506887     -4.772664    
  2.506913     -4.691205    
  2.507076     -4.538585    
  2.507102     -4.508933    
  2.507234     -4.420571    
  2.507260     -4.499026    
  2.508936     -4.572701    
  2.508962     -4.785120    
  2.509000     -4.821095    
  2.509026     -5.132390    
  2.509852     -4.331960    
  2.509878     -4.351477    
  2.510053     -4.402905    
  2.510079     -4.640527    
  2.511786     -4.430527    
  2.511813     -4.416040    
  2.512377     -4.590799    
  2.512404     -4.498626    
  2.514206     -4.531897    
  2.514232     -4.549600    
  2.515517     -4.303946    
  2.515543     -4.286048    
  2.515749     -4.285501    
  2.515775     -4.290505    
  2.515839     -4.297980    
  2.515866     -4.301704    
  2.515902     -4.307413    
  2.515928     -4.308092    
  2.516736     -4.541163    
  2.516763     -4.616509    
  2.516973     -4.840730    
  2.516999     -5.034637    
  2.517971     -4.410196    
  2.517997     -4.476685    
  2.518475     -4.492678    
  2.518501     -4.476110    
  2.519371     -4.642776    
  2.519397     -4.395108    
  2.523458     -4.444165    
  2.523485     -4.789376    
  2.526015     -4.385192    
  2.528531     -4.931351    
  2.528557     -4.521780    
  2.532645     -4.735641    
  2.532671     -4.661670    
  2.533864     -4.495007    
  2.533890     -4.447437    
  2.536637     -4.741857    
  2.539367     -4.975970    
  2.539394     -5.493833    
  2.542501     -4.514400    
  2.542527     -4.575730    
  2.544716     -6.319846    
  2.544742     -4.882259    
  2.546838     -4.948977    
  2.546864     -4.742439    
  2.547359     -4.560287    
  2.547385     -4.647021    
  2.547467     -4.715703    
  2.547493     -4.700118    
  2.551148     -4.729183    
  2.551174     -4.786250    
  2.551788     -4.636165    
  2.551814     -4.918689    
  2.555525     -4.583645    
  2.555551     -4.763700    
  2.558413     -4.546992    
  2.558439     -4.428169    
  2.558900     -4.340564    
  2.558926     -4.459652    
  2.562365     -4.608780    
  2.562391     -4.541601    
  2.562708     -4.670507    
  2.562735     -4.670394    
  2.565530     -4.561104    
  2.568307     -4.553201    
  2.568333     -4.590889    
  2.568399     -4.579172    
  2.568425     -4.566281    
  2.568740     -4.504636    
  2.568765     -4.515727    
  2.568792     -4.565730    
  2.571346     -4.414827    
  2.571372     -4.453759    
  2.571520     -4.537890    
  2.571546     -4.708098    
  2.573817     -4.439535    
  2.576076     -4.980715    
  2.576102     -4.529755    
  2.579478     -4.639757    
  2.582828     -4.503530    
  2.582854     -5.065508    
  2.584966     -4.475435    
  2.584992     -4.575845    
  2.586240     -4.475395    
  2.586266     -4.690925    
  2.588283     -5.260411    
  2.588309     -4.855581    
  2.589445     -4.862338    
  2.589471     -5.717070    
  2.590629     -4.486882    
  2.590655     -5.001036    
  2.592847     -4.460468    
  2.595028     -4.654377    
  2.595054     -4.487814    
  2.596291     -4.704003    
  2.596317     -4.724819    
  2.596347     -4.723222    
  2.597676     -4.355601    
  2.597703     -4.831995    
  2.599443     -4.445576    
  2.599469     -4.954605    
  2.600950     -4.352643    
  2.600976     -4.353901    
  2.603363     -4.292876    
  2.603390     -4.412556    
  2.606269     -4.477183    
  2.606295     -4.406441    
  2.606355     -4.425898    
  2.606381     -4.496754    
  2.607088     -4.215361    
  2.607114     -4.246271    
  2.607268     -4.300262    
  2.607294     -4.313251    
  2.607422     -4.378806    
  2.607448     -4.395201    
  2.607583     -4.479785    
  2.607610     -4.503698    
  2.608822     -4.114173    
  2.608848     -4.259721    
  2.611614     -4.321642    
  2.614363     -4.113494    
  2.614389     -4.282826    
  2.617047     -4.249704    
  2.619690     -4.096410    
  2.619716     -4.088801    
  2.620810     -4.213286    
  2.620836     -4.149838    
  2.620889     -4.136808    
  2.620915     -4.136883    
  2.621993     -4.275855    
  2.622019     -4.236212    
  2.625501     -4.244528    
  2.625527     -4.359432    
  2.626327     -4.038659    
  2.626353     -4.149008    
  2.627054     -4.254308    
  2.627080     -4.160198    
  2.630159     -3.950193    
  2.633217     -4.037825    
  2.633243     -3.973017    
  2.633616     -3.789569    
  2.633642     -3.862961    
  2.634860     -4.007464    
  2.634886     -3.949853    
  2.637264     -3.876984    
  2.637290     -3.957828    
  2.640667     -4.007438    
  2.640693     -3.936312    
  2.642655     -3.855915    
  2.644608     -3.972945    
  2.644634     -4.160633    
  2.645884     -3.815416    
  2.645910     -3.900663    
  2.646467     -3.902512    
  2.646493     -3.940597    
  2.646793     -4.005929    
  2.646819     -3.991824    
  2.648509     -3.923685    
  2.648535     -3.925927    
  2.648569     -3.949238    
  2.650611     -3.933081    
  2.650637     -4.003860    
  2.652053     -3.882962    
  2.652079     -3.897124    
  2.652535     -3.906311    
  2.652561     -3.949110    
  2.653789     -3.912444    
  2.653815     -3.884628    
  2.654544     -4.002775    
  2.654570     -3.889765    
  2.655879     -3.924127    
  2.655905     -3.861948    
  2.656887     -3.937127    
  2.656913     -3.917614    
  2.656969     -3.896428    
  2.656995     -3.878655    
  2.657324     -3.789655    
  2.657350     -3.798002    
  2.657529     -3.855176    
  2.657556     -4.011790    
  2.658514     -3.835267    
  2.658540     -4.014478    
  2.659819     -3.858638    
  2.659845     -3.915070    
  2.661662     -3.933760    
  2.661688     -3.882732    
  2.661741     -3.872093    
  2.661767     -3.825840    
  2.662869     -3.877524    
  2.662895     -3.848454    
  2.662923     -3.830900    
  2.663217     -3.926423    
  2.663243     -3.970453    
  2.664942     -3.917446    
  2.664968     -3.988024    
  2.666637     -4.071328    
  2.668300     -4.024325    
  2.668327     -3.682068    
  2.669554     -3.964934    
  2.670779     -3.958921    
  2.670805     -3.986917    
  2.672474     -3.832484    
  2.674136     -3.963703    
  2.674162     -4.016465    
  2.675402     -3.874213    
  2.675428     -4.133714    
  2.676854     -3.877319    
  2.676880     -3.861093    
  2.677782     -4.286724    
  2.677808     -4.207293    
  2.679265     -4.000881    
  2.680718     -4.190420    
  2.682165     -4.156606    
  2.683608     -3.811578    
  2.683634     -4.060584    
  2.684647     -4.066700    
  2.685650     -4.136780    
  2.685677     -4.067626    
  2.685745     -4.044960    
  2.685771     -4.033590    
  2.686018     -3.979553    
  2.686044     -3.974952    
  2.686551     -3.918429    
  2.686577     -4.064934    
  2.687604     -4.066340    
  2.688629     -4.202974    
  2.688655     -4.011901    
  2.689773     -3.961691    
  2.690888     -3.835704    
  2.690914     -3.742142    
  2.690957     -3.734926    
  2.690983     -3.812921    
  2.692104     -4.040536    
  2.692663     -4.060400    
  2.693221     -4.211259    
  2.693247     -4.186669    
  2.693930     -4.210414    
  2.694611     -4.301588    
  2.695292     -3.886325    
  2.695971     -4.118001    
  2.696650     -3.912937    
  2.697327     -3.953591    
  2.698003     -3.901667    
  2.698678     -4.211709    
  2.698704     -4.216439    
  2.698747     -4.217704    
  2.698773     -4.201506    
  2.699173     -4.202109    
  2.699199     -4.240151    
  2.699707     -4.051227    
  2.700214     -4.181200    
  2.700240     -4.212743    
  2.700517     -4.214627    
  2.700543     -4.196079    
  2.700562     -4.190673    
  2.700588     -4.168113    
  2.701102     -4.069010    
  2.701616     -4.230627    
  2.702128     -4.102924    
  2.702641     -4.091743    
  2.702667     -4.083822    
  2.704263     -3.904988    
  2.704289     -4.015475    
  2.704778     -4.041419    
  2.704804     -4.088311    
  2.705149     -4.185764    
  2.705176     -4.098655    
  2.706354     -4.148147    
  2.706380     -4.034448    
  2.707338     -3.905742    
  2.707364     -4.005777    
  2.708243     -4.162774    
  2.708265     -4.291819    
  2.708291     -4.330071    
  2.708382     -4.435097    
  2.708408     -4.488913    
  2.709302     -3.901608    
  2.709328     -4.004733    
  2.710066     -4.055227    
  2.710092     -4.014222    
  2.712261     -4.125866    
  2.712287     -4.151420    
  2.716426     -4.229780    
  2.716452     -4.155691    
  2.716512     -4.154956    
  2.716538     -4.264020    
  2.718970     -4.137324    
  2.721389     -4.189065    
  2.721415     -4.161497    
  2.721822     -4.213847    
  2.721848     -4.274589    
  2.724988     -4.312523    
  2.725014     -4.235881    
  2.725160     -4.261594    
  2.725186     -4.268696    
  2.725284     -4.286284    
  2.725310     -4.287568    
  2.725772     -4.286761    
  2.725798     -3.957384    
  2.727554     -3.905914    
  2.727580     -4.247480    
  2.728176     -4.228908    
  2.728202     -4.239430    
  2.728398     -4.268770    
  2.728424     -4.271089    
  2.728587     -4.258675    
  2.728613     -4.220819    
  2.730067     -4.270291    
  2.730093     -4.166472    
  2.733184     -4.432173    
  2.733210     -4.349633    
  2.734192     -4.092645    
  2.734218     -4.243105    
  2.735929     -4.214309    
  2.735955     -4.266304    
  2.736022     -4.268747    
  2.736048     -4.287485    
  2.737089     -4.300159    
  2.737115     -4.268494    
  2.738198     -4.264051    
  2.738224     -4.313412    
  2.738774     -4.177729    
  2.738800     -4.158433    
  2.740331     -4.297966    
  2.740357     -4.258215    
  2.742489     -4.238609    
  2.742515     -4.189631    
  2.742845     -4.244449    
  2.742871    -100.00000    
  2.746971     -3.613013    
  2.746997     -4.347564    
  2.749427     -4.210892    
  2.751831     -4.042391    
  2.751857     -4.167487    
  2.752111     -4.163130    
  2.752137     -4.143681    
  2.753459     -4.156712    
  2.753485     -4.177524    
  2.754539     -4.195799    
  2.754566     -4.224894    
  2.754881     -4.289038    
  2.754907     -4.285385    
  2.755529     -4.164023    
  2.755555     -4.187770    
  2.758504     -4.188624    
  2.758531     -4.219130    
  2.759057     -4.158213    
  2.759083     -4.173259    
  2.759298     -4.188798    
  2.759324     -4.192983    
  2.759941     -4.189038    
  2.759967     -4.192687    
  2.760777     -4.221350    
  2.760803     -4.313804    
  2.762338     -3.611749    
  2.762364     -4.211288    
  2.763494     -4.098781    
  2.763520     -4.228330    
  2.764607     -4.180088    
  2.764634     -4.183898    
  2.764790     -4.193480    
  2.764816     -4.217259    
  2.765431     -4.132980    
  2.765457     -4.116720    
  2.765786     -4.214593    
  2.765812     -4.249680    
  2.766720     -4.168483    
  2.766746     -4.169117    
  2.767599     -4.197937    
  2.767625     -4.180182    
  2.768816     -4.168048    
  2.768842     -4.146777    
  2.768873     -4.148626    
  2.768899     -4.152649    
  2.769246     -4.203920    
  2.769273     -4.117843    
  2.770825     -4.136321    
  2.770851     -4.148277    
  2.772571     -4.169236    
  2.772597     -4.159647    
  2.775871     -4.153052    
  2.775898     -4.128431    
  2.777571     -4.144050    
  2.777597     -4.157471    
  2.781452     -4.273447    
  2.781478     -4.144985    
  2.783779     -4.142968    
  2.783805     -4.139547    
  2.786347    -100.00000    
  2.786373     -4.457662    
  2.787394     -4.052867    
  2.787420     -3.999825    
  2.789379     -4.064002    
  2.789405     -4.119179    
  2.792084     -4.124958    
  2.792110     -4.211065    
  2.795992     -4.069603    
  2.796018     -4.160374    
  2.799330     -4.333026    
  2.799356     -4.838452    
  2.799768     -4.952095    
  2.799795     -4.957595    
  2.800685     -4.331110    
  2.800711     -4.155864    
  2.802982     -3.834778    
  2.803008     -3.704853    
  2.805911     -4.158531    
  2.808794    -100.00000    
  2.811659     -3.250312    
  2.814504    -100.00000    
  2.814531     -4.115445    
  2.815805     -4.127911    
  2.815831     -4.075213    
  2.816461     -4.054093    
  2.816487     -4.075347    
  2.817048     -4.078586    
  2.817074     -4.076607    
  2.818601     -4.113040    
  2.818627     -4.464677    
  2.822346     -3.784436    
  2.826033     -4.026286    
  2.826059     -4.084261    
  2.829643     -4.090627    
  2.829669     -4.081198    
  2.833025     -4.076255    
  2.833051     -4.076950    
  2.836279     -4.071522    
  2.836305     -4.063690    
  2.836473     -4.054822    
  2.836499     -3.959791    
  2.839407     -4.090695    
  2.839433     -4.068454    
  2.840448     -4.049112    
  2.840474     -3.987480    
  2.844142     -4.038224    
  2.844168     -4.048989    
  2.844752     -4.055285    
  2.844778     -4.027385    
  2.845644     -4.262358    
  2.845670     -4.224568    
  2.846022     -4.034347    
  2.846048     -4.035491    
  2.846084     -4.030989    
  2.846110     -4.026841    
  2.846350     -4.045897    
  2.846376     -4.051268    
  2.846960     -4.037145    
  2.846986     -4.047730    
  2.850315     -4.114151    
  2.850341     -3.992901    
  2.851138     -4.039935    
  2.851164     -4.021143    
  2.851303     -4.022854    
  2.851329     -4.022971    
  2.851635     -4.021867    
  2.851661     -4.022537    
  2.853000     -4.028114    
  2.853026     -4.026609    
  2.853688     -4.022756    
  2.853714     -4.026784    
  2.856751     -4.017047    
  2.856777     -4.015174    
  2.859747     -4.010965    
  2.859773     -3.994963    
  2.863227     -3.997966    
  2.863253     -3.995374    
  2.864041     -3.993104    
  2.864067     -3.996806    
  2.864202     -4.002817    
  2.864228     -4.003143    
  2.866992     -3.989457    
  2.867018     -3.993745    
  2.867101     -3.994289    
  2.867127     -3.992260    
  2.869323     -3.984791    
  2.871507     -3.971984    
  2.871533     -3.968427    
  2.871590     -3.968116    
  2.871617     -3.968401    
  2.871996     -3.962861    
  2.872022     -3.963382    
  2.874358     -3.991713    
  2.874384     -3.967948    
  2.876673     -3.971167    
  2.876699     -3.956816    
  2.877153     -4.074876    
  2.877179     -4.053880    
  2.880574     -3.922375    
  2.880600     -3.933361    
  2.882343     -4.030150    
  2.882369     -4.104688    
  2.882700     -4.207694    
  2.882726     -4.185816    
  2.885367     -4.577463    
  2.885393     -4.173154    
  2.886410     -3.889937    
  2.886436     -3.816817    
  2.886684     -3.710871    
  2.886711     -3.671209    
  2.887586     -3.810974    
  2.887612     -3.803348    
  2.888537     -3.874308    
  2.888563     -3.883172    
  2.889344     -3.809495    
  2.889370     -3.932376    
  2.891995     -3.925313    
  2.892021     -3.916291    
  2.893735     -3.919180    
  2.893761     -3.920906    
  2.894101     -3.954441    
  2.894127     -4.083502    
  2.895125     -3.930738    
  2.895151     -3.874562    
  2.895520     -3.922725    
  2.895547     -4.592802    
  2.896797     -4.718009    
  2.896824     -4.255887    
  2.897817    -100.00000    
  2.897843     -4.958620    
  2.900619     -3.611790    
  2.900645     -3.644822    
  2.901366     -3.763167    
  2.901392     -3.795401    
  2.905057     -3.879839    
  2.905083     -3.851367    
  2.905579     -3.803327    
  2.905605     -3.899280    
  2.907884     -3.902016    
  2.907910     -3.868584    
  2.908129     -3.867779    
  2.908155     -3.868824    
  2.908507     -3.869393    
  2.908533     -3.868648    
  2.909451     -3.841888    
  2.909477     -3.860545    
  2.910120     -3.864614    
  2.910146     -3.836149    
  2.913205     -3.901666    
  2.916242     -3.833892    
  2.916268     -3.840139    
  2.916557     -3.841264    
  2.916584     -3.841391    
  2.916815     -3.840639    
  2.916841     -3.840054    
  2.917202     -3.838073    
  2.917228     -3.837762    
  2.917946     -3.858375    
  2.917972     -3.833292    
  2.921796     -3.847553    
  2.921822     -3.843249    
  2.925060     -3.867889    
  2.925086     -3.798977    
  2.925714     -3.805294    
  2.925740     -3.803871    
  2.925879     -3.801824    
  2.925905     -3.801581    
  2.925971     -3.801108    
  2.925997     -3.801546    
  2.927585     -3.799760    
  2.927611     -3.800814    
  2.927702     -3.800830    
  2.927728     -3.800814    
  2.927981     -3.800000    
  2.928007     -3.800374    
  2.928701     -3.797105    
  2.928727     -3.796533    
  2.929157     -3.795314    
  2.929183     -3.794632    
  2.929555     -3.792333    
  2.929581     -3.792985    
  2.929997     -3.792740    
  2.930023     -3.792238    
  2.930276     -3.791329    
  2.930302     -3.791503    
  2.930635     -3.789717    
  2.930661     -3.789296    
  2.930674     -3.789182    
  2.930700     -3.788710    
  2.930993     -3.787755    
  2.931020     -3.788302    
  2.931455     -3.789465    
  2.931481     -3.787534    
  2.932685     -3.792902    
  2.932711     -3.763345    
  2.934676     -3.961279    
  2.934702     -3.767122    
  2.935383     -3.738261    
  2.935409     -3.770838    
  2.936838     -3.765546    
  2.936864     -3.767602    
  2.937442     -3.763582    
  2.937468     -3.762915    
  2.937555     -3.762934    
  2.937581     -3.766945    
  2.939148     -3.759601    
  2.939174     -3.757729    
  2.939362     -3.764374    
  2.939388     -3.772025    
  2.942758     -3.754461    
  2.942785     -3.771607    
  2.943789     -3.732468    
  2.943815     -3.742524    
  2.943844     -3.741313    
  2.944299     -3.740753    
  2.944325     -3.740860    
  2.945296     -3.737504    
  2.945322     -3.742110    
  2.946304     -3.734950    
  2.946330     -3.732089    
  2.946717     -3.733697    
  2.946743     -3.733729    
  2.946776     -3.733727    
  2.946802     -3.720665    
  2.950801     -3.670385    
  2.950827     -3.714551    
  2.951318     -3.717646    
  2.951344     -3.718111    
  2.951741     -3.715623    
  2.951767     -3.715507    
  2.952632     -3.701155    
  2.952658     -3.697598    
  2.953349     -3.709060    
  2.953375     -3.708420    
  2.953780     -3.706069    
  2.953806     -3.706683    
  2.954021     -3.707366    
  2.954047     -3.707523    
  2.954374     -3.704605    
  2.954391     -3.704232    
  2.954417     -3.704933    
  2.954846     -3.694620    
  2.954872     -3.686028    
  2.955769     -3.700754    
  2.955795     -3.700425    
  2.956192     -3.698229    
  2.956218     -3.698203    
  2.956377     -3.697731    
  2.956403     -3.697715    
  2.956852     -3.695936    
  2.956878     -3.696378    
  2.957651     -3.686600    
  2.957677     -3.687215    
  2.957733     -3.687384    
  2.957759     -3.687977    
  2.958652     -3.689030    
  2.958678     -3.689700    
  2.958733     -3.689644    
  2.958753     -3.689571    
  2.958779     -3.690084    
  2.959227     -3.683706    
  2.959253     -3.682360    
  2.959299     -3.681125    
  2.959325     -3.680105    
  2.959550     -3.675655    
  2.959576     -3.675969    
  2.959605     -3.675982    
  2.959622     -3.676044    
  2.959648     -3.676218    
  2.959673     -3.676468    
  2.959699     -3.676736    
  2.959869     -3.679881    
  2.959895     -3.680347    
  2.959946     -3.681086    
  2.959972     -3.681672    
  2.960724     -3.681889    
  2.960751     -3.681862    
  2.961052     -3.680514    
  2.961078     -3.680255    
  2.961152     -3.679605    
  2.961178     -3.651050    
  2.963811     -3.403623    
  2.963837     -3.471737    
  2.965349     -3.577574    
  2.965375     -3.604405    
  2.965604     -3.626837    
  2.965631     -3.714005    
  2.969258     -3.387727    
  2.969284     -3.474022    
  2.969806     -3.277376    
  2.969832     -3.372330    
  2.973371     -3.337413    
  2.973397     -3.391907    
  2.975759     -3.323063    
  2.975785     -3.307690    
  2.976196     -3.307451    
  2.976222     -3.366557    
  2.978818     -3.202904    
  2.981393     -3.547646    
  2.981419     -3.367991    
  2.981911     -3.354646    
  2.981937     -3.322623    
  2.982453     -3.394404    
  2.982479     -3.485663    
  2.982902     -3.491906    
  2.982928     -3.365483    
  2.985851     -3.310724    
  2.988755     -3.281696    
  2.991639     -3.371719    
  2.994504     -3.278264    
  2.997351     -3.340027    
  3.000178     -3.239389    
  3.002988     -3.254564    
  3.005779     -3.286943    
  3.005806     -3.291665    
  3.006660     -3.238032    
  3.006686     -3.229131    
  3.007985     -3.259686    
  3.008011     -3.280261    
  3.008377     -3.291937    
  3.008403     -3.282859    
  3.008422     -3.281521    
  3.008449     -3.283241    
  3.012132     -3.336046    
  3.015785     -3.357947    
  3.019407     -3.343507    
  3.022999     -3.400650    
  3.023025     -3.337237    
  3.024692     -3.370998    
  3.024718     -3.380642    
  3.027002     -3.433537    
  3.027028     -3.411836    
  3.028469     -3.418080    
  3.028496     -3.391685    
  3.028525     -3.392110    
  3.028551     -3.382459    
  3.030734     -3.470871    
  3.032906     -3.436822    
  3.032932     -3.406705    
  3.037051     -3.471173    
  3.041131     -3.410156    
  3.041157     -3.383184    
  3.041192     -3.388461    
  3.041218     -3.408844    
  3.041743     -3.419912    
  3.041769     -3.388233    
  3.044049     -3.483973    
  3.044075     -3.437060    
  3.046448     -3.405726    
  3.046474     -3.376028    
  3.047296     -3.370487    
  3.047322     -3.445436    
  3.051393     -3.653466    
  3.051419     -3.442252    
  3.053164     -3.502527    
  3.053190     -3.609471    
  3.056650     -3.467273    
  3.056676     -3.510128    
  3.057784     -3.464974    
  3.057810     -3.466325    
  3.060993     -3.498623    
  3.064153     -3.514226    
  3.064179     -3.475593    
  3.067832     -3.504296    
  3.067858     -3.482535    
  3.071967     -3.481828    
  3.071993     -3.633616    
  3.074546     -3.522717    
  3.074572     -3.498721    
  3.077401     -3.528313    
  3.080211     -3.479945    
  3.083004     -3.538240    
  3.085779     -3.555567    
  3.085805     -3.536841    
  3.088194     -3.626598    
  3.088220     -3.553374    
  3.089253     -3.535907    
  3.089279     -3.516349    
  3.091880     -3.531080    
  3.091906     -3.464100    
  3.092972     -3.416385    
  3.092998     -3.534171    
  3.093275     -3.540656    
  3.093301     -3.634079    
  3.095382     -4.178029    
  3.095408     -3.672211    
  3.096210     -3.515737    
  3.096236     -3.344673    
  3.099421     -3.642494    
  3.099447     -3.600325    
  3.099999     -3.576049    
  3.100025     -3.567395    
  3.102791     -3.535161    
  3.105540     -3.587558    
  3.105566     -3.586280    
  3.108813     -3.580274    
  3.112036     -3.574726    
  3.112062     -3.604428    
  3.114717     -3.609805    
  3.114743     -3.585568    
  3.114932     -3.586405    
  3.114958     -3.591589    
  3.115849     -3.614725    
  3.115875     -3.654218    
  3.116210     -3.668081    
  3.116236     -3.658514    
  3.116288     -3.653018    
  3.116314     -3.649516    
  3.117008     -3.575817    
  3.117034     -3.564717    
  3.117770     -3.652667    
  3.117796     -3.641469    
  3.118254     -3.629055    
  3.118280     -3.642897    
  3.118920     -3.645107    
  3.118946     -3.532292    
  3.121185     -3.670656    
  3.123412     -3.678343    
  3.123438     -3.710476    
  3.124647     -3.625877    
  3.124673     -3.627010    
  3.126028     -3.664242    
  3.126054     -3.680157    
  3.127717     -3.631699    
  3.127743     -3.654028    
  3.129255     -3.625276    
  3.129281     -3.692860    
  3.132456     -3.637212    
  3.135607     -3.650020    
  3.135633     -3.657551    
  3.136213     -3.631143    
  3.136239     -3.736288    
  3.139077     -3.606522    
  3.139103     -3.725779    
  3.141139     -3.492397    
  3.141166     -3.459901    
  3.143607     -3.616886    
  3.143633     -3.470257    
  3.144132     -3.590025    
  3.144158     -3.629948    
  3.144987     -3.802188    
  3.145013     -3.585951    
  3.146789     -3.534903    
  3.146815     -3.643971    
  3.146918     -3.668344    
  3.146944     -3.628340    
  3.147826     -3.845995    
  3.147852     -3.683581    
  3.148759     -3.510393    
  3.148785     -3.534060    
  3.149778     -3.601474    
  3.149804     -3.541605    
  3.150669     -3.707541    
  3.150696     -3.776679    
  3.151307     -3.747941    
  3.151333     -3.765486    
  3.152574     -3.551870    
  3.152600     -3.570907    
  3.153099     -3.623421    
  3.153125     -3.634978    
  3.153411     -3.715803    
  3.153437     -3.716032    
  3.153464     -3.718637    
  3.153490     -3.625820    
  3.155047     -3.698565    
  3.155073     -3.713897    
  3.156105     -3.634060    
  3.156131     -3.644168    
  3.159449     -3.704023    
  3.159475     -3.661887    
  3.159789     -3.596296    
  3.159815     -3.649560    
  3.164039     -3.771746    
  3.164065     -3.662533    
  3.164664     -3.651046    
  3.164690     -3.688082    
  3.166009     -3.806908    
  3.166035     -3.750748    
  3.168014     -3.738442    
  3.168040     -3.710065    
  3.171700     -3.698073    
  3.171726     -3.733146    
  3.173608     -3.635929    
  3.173634     -3.713571    
  3.174198     -3.749875    
  3.174224     -3.756158    
  3.178220     -3.744146    
  3.178246     -3.735113    
  3.179496     -3.896614    
  3.179523     -3.759119    
  3.180493     -3.780230    
  3.180519     -3.752099    
  3.181705     -3.762297    
  3.181731     -3.760391    
  3.181840     -3.758601    
  3.181866     -3.758437    
  3.181990     -3.757799    
  3.182017     -3.731180    
  3.184999     -3.768451    
  3.185025     -3.803170    
  3.186118     -3.789295    
  3.186144     -3.770733    
  3.187507     -3.819121    
  3.187524     -3.829751    
  3.187550     -3.823989    
  3.188369     -3.830942    
  3.188395     -3.790831    
  3.189386     -3.810686    
  3.189412     -3.651549    
  3.189917     -5.214863    
  3.189943     -5.309507    
  3.190993     -5.216146    
  3.191019     -4.964086    
  3.191149     -4.761622    
  3.191176     -4.988310    
  3.192254     -3.934639    
  3.192280     -3.728124    
  3.194916     -3.613390    
  3.194942     -3.718250    
  3.196947     -3.807907    
  3.196973     -3.764428    
  3.199833     -3.818516    
  3.199859     -3.786012    
  3.202175     -3.829728    
  3.202201     -3.824151    
  3.203193     -3.810944    
  3.203219     -3.774729    
  3.204704     -3.837946    
  3.204730     -3.748890    
  3.207396     -3.817128    
  3.207422     -3.833086    
  3.209165     -3.799378    
  3.209192     -3.856094    
  3.209905     -3.859710    
  3.209931     -3.866335    
  3.211746     -3.804747    
  3.211772     -3.869961    
  3.213910     -3.853143    
  3.213936     -3.897458    
  3.217562     -3.891503    
  3.217588     -3.974228    
  3.217734     -3.916872    
  3.217760     -3.883333    
  3.218195     -3.819132    
  3.218221     -3.837434    
  3.218359     -3.847696    
  3.218385     -3.891731    
  3.221432     -3.909217    
  3.224458     -3.853392    
  3.224484     -3.865674    
  3.226728     -3.895785    
  3.228960     -3.909271    
  3.231181     -3.898954    
  3.233391     -3.917883    
  3.233417     -3.918680    
  3.235869     -3.935672    
  3.238307     -3.999208    
  3.240731     -3.937107    
  3.243142     -3.956509    
  3.243168     -3.941314    
  3.246203     -3.972270    
  3.249217     -3.951318    
  3.249243     -3.945086    
  3.251269     -3.983429    
  3.251295     -3.976973    
  3.251554     -3.983847    
  3.251580     -3.976645    
  3.254930     -3.984914    
  3.258254     -3.974600    
  3.258280     -3.983566    
  3.261671     -3.974179    
  3.261697     -3.968958    
  3.263492     -4.005176    
  3.263518     -3.992702    
  3.267500     -4.003594    
  3.271446     -4.009806    
  3.271472     -4.010329    
  3.273283     -4.015344    
  3.273309     -4.034013    
  3.276784     -4.038037    
  3.276810     -4.008992    
  3.279737     -4.069274    
  3.279763     -4.092850    
  3.279904     -4.102892    
  3.279930     -4.070469    
  3.281693     -4.035616    
  3.281719     -4.048566    
  3.283569     -4.055946    
  3.283595     -4.068839    
  3.285864     -4.064416    
  3.285890     -4.071947    
  3.288494     -4.053454    
  3.288521     -4.081366    
  3.289058     -4.080284    
  3.289085     -4.081753    
  3.291445     -4.079872    
  3.291471     -4.062088    
  3.292687     -4.089708    
  3.292713     -4.094648    
  3.294701     -4.081438    
  3.294727     -4.095635    
  3.295769     -4.100375    
  3.295795     -4.097994    
  3.295928     -4.096488    
  3.295954     -4.096310    
  3.296323     -4.088570    
  3.296349     -4.085908    
  3.296793     -4.096341    
  3.296819     -4.097738    
  3.299472     -4.103926    
  3.299498     -4.108379    
  3.301162     -4.108314    
  3.301188     -4.107147    
  3.302957     -4.117925    
  3.302983     -4.116807    
  3.305105     -4.118824    
  3.305131     -4.125185    
  3.306016     -4.104219    
  3.306042     -4.118276    
  3.306917     -4.128924    
  3.306943     -4.126092    
  3.309394     -4.133019    
  3.309420     -4.133001    
  3.309880     -4.134183    
  3.309906     -4.135321    
  3.310654     -4.135205    
  3.310680     -4.137405    
  3.311009     -4.138172    
  3.311035     -4.137245    
  3.311357     -4.132301    
  3.311383     -4.131586    
  3.311855     -4.136907    
  3.311881     -4.137010    
  3.312043     -4.136779    
  3.312069     -4.134500    
  3.315866     -4.138133    
  3.319630     -4.208847    
  3.319656     -4.170109    
  3.322697     -4.189235    
  3.325716     -4.133373    
  3.328715     -4.188263    
  3.331694     -4.264945    
  3.334652     -4.194831    
  3.337590     -4.220418    
  3.340508     -4.239659    
  3.343407     -4.235163    
  3.343433     -4.243314    
  3.347340     -4.250149    
  3.351212     -4.240379    
  3.351238     -4.260213    
  3.351711     -4.256254    
  3.351737     -4.261305    
  3.354728     -4.264128    
  3.357698     -4.280033    
  3.360649     -4.295097    
  3.363579     -4.258122    
  3.363605     -4.149560    
  3.365511     -4.384438    
  3.365537     -4.317616    
  3.367465     -4.302376    
  3.367491     -4.306527    
  3.367518     -4.306761    
  3.368345     -4.305865    
  3.368371     -4.309468    
  3.369799     -4.317151    
  3.369825     -4.322775    
  3.371854     -4.270283    
  3.371880     -4.320747    
  3.373656     -4.323564    
  3.373682     -4.325882    
  3.377642     -4.329903    
  3.377668     -4.333840    
  3.379189     -4.338525    
  3.379215     -4.348310    
  3.382117     -4.349011    
  3.382143     -4.367784    
  3.385913     -4.357839    
  3.385939     -4.360147    
  3.389822     -4.382506    
  3.389848     -4.378451    
  3.391164     -4.378945    
  3.391190     -4.377817    
  3.395069     -4.387036    
  3.395095     -4.387467    
  3.397989     -4.396989    
  3.398015     -4.395458    
  3.398446     -4.399086    
  3.398472     -4.399071    
  3.400885     -4.404575    
  3.400911     -4.381231    
  3.402458     -4.426275    
  3.402485     -4.438529    
  3.403625     -4.402870    
  3.403651     -4.415031    
  3.404157     -4.416180    
  3.404183     -4.414734    
  3.406906     -4.411205    
  3.409611     -4.430480    
  3.412300     -4.437609    
  3.414973     -4.448226    
  3.414999     -4.437008    
  3.419305     -4.456510    
  3.419331     -4.461119    
  3.422393     -4.469316    
  3.425434     -4.478087    
  3.428454     -4.487260    
  3.431452     -4.495650    
  3.431479     -4.494197    
  3.434953     -4.501575    
  3.434979     -4.498172    
  3.438935     -4.518309    
  3.442855     -4.523867    
  3.442881     -4.529584    
  3.444964     -4.536900    
  3.444990     -4.537853    
  3.447490     -4.537049    
  3.449964     -4.607695    
  3.449990     -4.574796    
  3.452474     -4.192119    
  3.454944     -5.239421    
  3.454970     -4.570661    
  3.457932     -4.572922    
  3.460873     -4.583217    
  3.463795     -4.600350    
  3.466698     -4.557498    
  3.466724     -4.541657    
  3.467614     -4.622004    
  3.467640     -4.620405    
  3.468776     -4.584867    
  3.468802     -4.587885    
  3.469484     -4.593997    
  3.469510     -4.587908    
  3.469535     -4.586981    
  3.469561     -4.584354    
  3.469873     -4.582872    
  3.469899     -4.585677    
  3.470209     -4.605088    
  3.470235     -4.608495    
  3.471210     -4.616135    
  3.471236     -4.615188    
  3.472958     -4.620788    
  3.472984     -4.621982    
  3.474130     -4.615499    
  3.474156     -4.631278    
  3.477552     -4.623367    
  3.480921     -4.642552    
  3.480947     -4.628690    
  3.483093     -4.657984    
  3.483119     -4.713323    
  3.485987     -4.533713    
  3.486013     -4.590474    
  3.486615     -4.701450    
  3.486641     -4.660686    
  3.490491     -4.673517    
  3.494307     -4.685147    
  3.494333     -5.508391    
  3.498611     -4.316969    
  3.502847     -4.648132    
  3.502873     -4.675630    
  3.503909     -4.721721    
  3.503935     -4.709361    
  3.504049     -4.708221    
  3.504075     -4.699910    
  3.505750     -4.722888    
  3.505776     -4.719890    
  3.505983     -4.718923    
  3.506009     -4.711663    
  3.506922     -4.704302    
  3.506948     -4.721552    
  3.507287     -4.717947    
  3.507313     -4.728488    
  3.511219     -4.734734    
  3.511245     -4.736687    
  3.513248     -4.742151    
  3.513274     -4.741314    
  3.515834     -4.750768    
  3.515860     -4.749792    
  3.515893     -4.736305    
  3.518219     -4.757588    
  3.520533     -4.764902    
  3.522835     -4.801679    
  3.525125     -4.684974    
  3.527403     -4.776408    
  3.529669     -4.792113    
  3.531923     -4.799370    
  3.534166     -4.806396    
  3.534192     -4.815328    
  3.535341     -4.781456    
  3.535367     -4.597808    
  3.539376     -4.208847    
  3.539403     -4.815081    
  3.541647     -4.815521    
  3.543879     -4.802484    
  3.543905     -4.794123    
  3.544530     -4.704374    
  3.544556     -4.778072    
  3.545185     -4.867064    
  3.545211     -4.830229    
  3.545491     -4.839600    
  3.545517     -4.842409    
  3.548458     -4.848221    
  3.548484     -4.848693    
  3.550178     -4.855118    
  3.550205     -4.854707    
  3.552184     -4.860517    
  3.552210     -4.858877    
  3.553416     -4.864997    
  3.553442     -4.864504    
  3.553493     -4.864565    
  3.553519     -4.875643    
  3.555658     -4.873291    
  3.555684     -4.871521    
  3.556758     -4.873912    
  3.556785     -4.874188    
  3.557726     -4.877531    
  3.557752     -4.877176    
  3.558877     -4.881624    
  3.558903     -4.881569    
  3.559141     -4.881980    
  3.559167     -4.881992    
  3.559322     -4.882155    
  3.559348     -4.881248    
  3.560882     -4.887623    
  3.560908     -4.887403    
  3.561003     -4.887739    
  3.561024     -4.887806    
  3.561050     -4.887889    
  3.561076     -4.887972    
  3.561161     -4.888234    
  3.561188     -4.888304    
  3.561399     -4.889006    
  3.561425     -4.889111    
  3.561492     -4.889361    
  3.561518     -4.889467    
  3.561733     -4.890212    
  3.561759     -4.890290    
  3.561929     -4.890739    
  3.561955     -4.890836    
  3.562293     -4.887465    
  3.565712     -4.916698    
  3.565738     -4.922128    
  3.568684     -4.895730    
  3.568710     -4.917681    
  3.572276     -4.957004    
  3.572302     -4.971756    
  3.575184     -4.941724    
  3.578046     -4.972637    
  3.580890     -4.977190    
  3.583716     -4.981644    
  3.583742     -4.936519    
  3.586195     -4.996027    
  3.588634     -4.996424    
  3.591060     -5.007037    
  3.593472     -5.019917    
  3.595871     -5.015966    
  3.598257     -5.039144    
  3.600630     -5.022009    
  3.602990     -5.037852    
  3.603016     -5.032122    
  3.606561     -5.061245    
  3.610077     -5.070208    
  3.610103     -5.082568    
  3.614107     -5.072944    
  3.618075     -5.108295    
  3.618101     -5.099820    
  3.619098     -5.102957    
  3.619124     -5.099714    
  3.620549     -5.104137    
  3.620575     -5.104731    
  3.621884     -5.113939    
  3.621910     -5.114182    
  3.623350     -5.105217    
  3.623376     -5.116741    
  3.625657     -5.129503    
  3.627926     -5.123035    
  3.627952     -5.130537    
  3.630143     -5.143087    
  3.630428     -5.142487    
  3.632323     -5.148990    
  3.632349     -5.149398    
  3.634351     -5.156643    
  3.634377     -5.156676    
  3.637591     -5.167605    
  3.637617     -5.159265    
  3.640932     -5.200596    
  3.644221     -5.154149    
  3.644248     -5.181016    
  3.646952     -5.202803    
  3.649641     -5.206942    
  3.652313     -5.228084    
  3.654968     -5.230084    
  3.654994     -5.231904    
  3.656771     -5.233767    
  3.656798     -5.225473    
  3.659416     -5.248662    
  3.659442     -5.258218    
  3.663645     -5.253827    
  3.663672     -5.258147    
  3.666918     -5.280646    
  3.670140     -5.204630    
  3.670166     -5.261971    
  3.673528     -5.243634    
  3.673554     -5.250518    
  3.676435     -5.317079    
  3.679298     -5.316586    
  3.682141     -5.324355    
  3.684966     -5.336065    
  3.684992     -5.336676    
  3.685363     -5.338382    
  3.685390     -5.338316    
  3.685421     -5.341044    
  3.687761     -5.361191    
  3.687787     -5.345287    
  3.688738     -5.348979    
  3.688764     -5.351608    
  3.688892     -5.358825    
  3.688918     -5.388379    
  3.690761     -5.344964    
  3.690787     -5.359391    
  3.691489     -5.360384    
  3.691515     -5.360248    
  3.694842     -5.370271    
  3.694868     -5.370823    
  3.695395     -5.370696    
  3.695421     -5.372232    
  3.695548     -5.374207    
  3.695574     -5.374823    
  3.699531     -5.390803    
  3.703451     -5.400906    
  3.707337     -5.416924    
  3.711188     -5.432400    
  3.711214     -5.431721    
  3.712650     -5.437798    
  3.713266     -5.439928    
  3.713292     -5.434094    
  3.715965     -5.450135    
  3.718622     -5.457566    
  3.718648     -5.462972    
  3.719507     -5.447067    
  3.719533     -5.446219    
  3.719809     -5.458391    
  3.719835     -5.463286    
  3.720772     -5.465459    
  3.720798     -5.467573    
  3.721949     -5.471588    
  3.721976     -5.471000    
  3.726014     -5.486181    
  3.726040     -5.485596    
  3.729224     -5.500409    
  3.729250     -5.498714    
  3.730799     -5.504577    
  3.730825     -5.504990    
  3.733074     -5.512304    
  3.733100     -5.508600    
  3.736642     -5.533857    
  3.740157     -5.521231    
  3.740183     -5.538281    
  3.740658     -5.540085    
  3.740684     -5.540221    
  3.742813     -5.548478    
  3.742839     -5.548556    
  3.743010     -5.549020    
  3.743036     -5.549034    
  3.745487     -5.558187    
  3.747926     -5.566832    
  3.747952     -5.566953    
  3.748402     -5.568713    
  3.748428     -5.570214    
  3.750148     -5.571898    
  3.750174     -5.569838    
  3.751807     -5.583481    
  3.751825     -5.581369    
  3.751851     -5.581549    
  3.752945     -5.585730    
  3.752971     -5.585685    
  3.753218     -5.586567    
  3.753244     -5.586693    
  3.753912     -5.589321    
  3.753938     -5.589341    
  3.754688     -5.592069    
  3.754715     -5.592217    
  3.755025     -5.593422    
  3.755051     -5.593507    
  3.755248     -5.594209    
  3.755274     -5.594295    
  3.755553     -5.595352    
  3.755579     -5.589080    
  3.758844     -5.631244    
  3.758870     -5.606261    
  3.762813     -5.627078    
  3.766720     -5.609044    
  3.770592     -5.655724    
  3.774430     -5.665183    
  3.774456     -5.666301    
  3.777991     -5.679387    
  3.778017     -5.676361    
  3.778151     -5.678873    
  3.781504     -5.694459    
  3.781530     -5.690531    
  3.785355     -5.707401    
  3.789147     -5.720838    
  3.792906     -5.735285    
  3.796633     -5.747755    
  3.796659     -5.752522    
  3.799528     -5.756103    
  3.802378     -5.771007    
  3.802405     -5.772931    
  3.802753     -5.783875    
  3.802779     -5.775976    
  3.804109     -5.772888    
  3.804136     -5.776049    
  3.805742     -5.781807    
  3.805768     -5.782166    
  3.806039     -5.783028    
  3.806065     -5.783273    
  3.806646     -5.785604    
  3.806672     -5.786682    
  3.807576     -5.784611    
  3.807602     -5.785980    
  3.808354     -5.793844    
  3.808380     -5.789019    
  3.809479     -5.809969    
  3.809505     -5.803644    
  3.809846     -5.792427    
  3.809872     -5.794845    
  3.810525     -5.801446    
  3.810551     -5.800318    
  3.811407     -5.803440    
  3.811433     -5.803321    
  3.811548     -5.803440    
  3.811574     -5.803425    
  3.811599     -5.803412    
  3.811625     -5.802378    
  3.812345     -5.805343    
  3.812371     -5.808685    
  3.814695     -5.815718    
  3.817007     -5.827897    
  3.819307     -5.828601    
  3.821595     -5.839275    
  3.821621     -5.842158    
  3.823807     -5.850424    
  3.825982     -5.856824    
  3.830301     -5.873739    
  3.830327     -5.870698    
  3.834271     -5.890509    
  3.838180     -5.904974    
  3.838207     -5.905386    
  3.840521     -5.917650    
  3.842823     -5.919848    
  3.842849     -5.922740    
  3.843871     -5.926681    
  3.843897     -5.926265    
  3.847941     -5.938900    
  3.851948     -5.951490    
  3.855919     -5.975133    
  3.859853     -5.989896    
  3.859879     -5.987551    
  3.862843     -5.998885    
  3.865788     -6.009716    
  3.865814     -6.010225    
  3.866065     -6.011297    
  3.866091     -6.011384    
  3.868658     -6.021045    
  3.871210     -6.030541    
  3.871236     -6.030830    
  3.873680     -6.040269    
  3.876111     -6.049514    
  3.878528     -6.058782    
  3.880932     -6.068089    
  3.880959     -6.068628    
  3.883813     -6.079247    
  3.886649     -6.086008    
  3.889466     -6.084891    
  3.892265     -6.114576    
  3.892291     -6.110951    
  3.894417     -6.119988    
  3.894443     -6.119589    
  3.895163     -6.122303    
  3.895189     -6.122300    
  3.898690     -6.135131    
  3.898716     -6.136000    
  3.900445     -6.142320    
  3.900462     -6.142087    
  3.900488     -6.142281    
  3.901329     -6.146036    
  3.901356     -6.146017    
  3.902300     -6.149691    
  3.902326     -6.151510    
  3.903658     -6.150102    
  3.903684     -6.145957    
  3.904238     -6.156044    
  3.904264     -6.156356    
  3.905415     -6.161879    
  3.905441     -6.161669    
  3.905995     -6.163853    
  3.906021     -6.166566    
  3.906888     -6.152849    
  3.906914     -6.157100    
  3.907705     -6.112879    
  3.907731     -6.149108    
  3.908373     -6.183386    
  3.908399     -6.170317    
  3.908503     -6.171244    
  3.908529     -6.173244    
  3.912223     -6.187702    
  3.912249     -6.188243    
  3.913098     -6.190008    
  3.913124     -6.189456    
  3.913216     -6.189329    
  3.913243     -6.189217    
  3.913438     -6.190054    
  3.913465     -6.190444    
  3.913745     -6.193131    
  3.913771     -6.193106    
  3.913800     -6.193189    
  3.913826     -6.193227    
  3.913873     -6.193183    
  3.913899     -6.193100    
  3.913915     -6.193034    
  3.913940     -6.192910    
  3.913967     -6.192755    
  3.914112     -6.191819    
  3.914138     -6.197732    
  3.916945     -6.196116    
  3.916971     -6.182169    
  3.920612     -6.190659    
  3.924221     -6.215509    
  3.927801     -6.230630    
  3.931352     -6.245908    
  3.931378     -6.206366    
  3.935116     -6.265041    
  3.938821     -6.271705    
  3.938847     -6.266515    
  3.941053     -6.284978    
  3.943248     -6.286600    
  3.945432     -6.300076    
  3.947605     -6.302842    
  3.951918     -6.323564    
  3.956189     -6.331765    
  3.956215     -6.345515    
  3.959412     -6.348092    
  3.962586     -6.361585    
  3.965737     -6.372666    
  3.968865     -6.397222    
  3.968891     -6.384337    
  3.972582     -6.400330    
  3.976241     -6.411553    
  3.979870     -6.426774    
  3.983469     -6.455871    
  3.983495     -6.441616    
  3.985959     -6.450298    
  3.988409     -6.458811    
  3.990846     -6.462887    
  3.993269     -6.480827    
  3.993295     -6.479441    
  3.995544     -6.488301    
  3.997782     -6.496988    
  3.997808     -6.496724    
  4.001416     -6.506399    
  4.004993     -6.529556    
  4.008542     -6.542184    
  4.012062     -6.553206    
  4.015553     -6.566335    
  4.019017     -6.580118    
  4.022453     -6.593500    
  4.025862     -6.603197    
  4.025888     -6.606760    
  4.029667     -6.621596    
  4.033413     -6.636121    
  4.033440     -6.636356    
  4.034804     -6.641679    
  4.034830     -6.642142    
  4.038396     -6.652857    
  4.038422     -6.656021    
  4.039117     -6.658354    
  4.039143     -6.655816    
  4.042356     -6.685074    
  4.042382     -6.674755    
  4.044890     -6.680774    
  4.047383     -6.690664    
  4.047409     -6.690900    
  4.047809     -6.692464    
  4.047835     -6.692548    
  4.047865     -6.693029    
  4.051262     -6.704918    
  4.054633     -6.717837    
  4.057978     -6.731146    
  4.061297     -6.743617    
  4.061323     -6.743994    
  4.064372     -6.756151    
  4.067400     -6.764342    
  4.070406     -6.779125    
  4.073392     -6.791878    
  4.073418     -6.791500    
  4.075738     -6.799669    
  4.078046     -6.771670    
  4.078072     -6.808772    
  4.080271     -6.818713    
  4.080297     -6.819252    
  4.080888     -6.820068    
  4.080914     -6.819400    
  4.080998     -6.818935    
  4.081024     -6.818774    
  4.081040     -6.818680    
  4.081066     -6.816960    
  4.082224     -6.826911    
  4.082250     -6.827222    
  4.084297     -6.833129    
  4.084323     -6.834564    
  4.086519     -6.842451    
  4.088705     -6.851690    
  4.093043     -6.868066    
  4.097338     -6.885608    
  4.101591     -6.898682    
  4.101617     -6.901917    
  4.105086     -6.915132    
  4.108527     -6.929799    
  4.111941     -6.941745    
  4.115328     -6.954896    
  4.118689     -6.968224    
  4.122025     -6.980580    
  4.125335     -6.992567    
  4.128620     -7.006361    
  4.128646     -7.000379    
  4.131400     -7.017355    
  4.134137     -7.027976    
  4.136856     -7.036562    
  4.139559     -7.037202    
  4.142245     -7.061762    
  4.144915     -7.067463    
  4.147568     -7.075416    
  4.150205     -7.087172    
  4.150231     -7.089966    
  4.153104     -7.101550    
  4.155957     -7.112546    
  4.155983     -7.112622    
  4.156244     -7.113547    
  4.156270     -7.109971    
  4.158133     -7.119581    
  4.158160     -7.124182    
  4.158947     -7.114832    
  4.158973     -7.109387    
  4.161758     -7.141289    
  4.161784     -7.135077    
  4.163410     -7.141258    
  4.163436     -7.141293    
  4.163793     -7.142755    
  4.163819     -7.142902    
  4.163989     -7.143641    
  4.164015     -7.146398    
  4.168129     -7.151686    
  4.172204     -7.163176    
  4.176241     -7.180791    
  4.180241     -7.199104    
  4.184204     -7.215454    
  4.188131     -7.229526    
  4.192024     -7.243830    
  4.195882     -7.259612    
  4.195908     -7.258386    
  4.198350     -7.265185    
  4.200780     -7.277427    
  4.203195     -7.287619    
  4.205597     -7.295710    
  4.207986     -7.305648    
  4.210362     -7.314547    
  4.212725     -7.323906    
  4.215075     -7.332950    
  4.217413     -7.341445    
  4.219738     -7.350487    
  4.222051     -7.359464    
  4.224351     -7.368530    
  4.226639     -7.377363    
  4.228916     -7.387888    
  4.231180     -7.386026    
  4.233433     -7.405179    
  4.233459     -7.402278    
  4.235750     -7.412096    
  4.238029     -7.424127    
  4.240296     -7.395426    
  4.242552     -7.448689    
  4.244795     -7.447103    
  4.247028     -7.455666    
  4.249248     -7.464549    
  4.251458     -7.468677    
  4.251484     -7.472181    
  4.255470     -7.488056    
  4.259419     -7.502848    
  4.259445     -7.504153    
  4.261746     -7.509265    
  4.261772     -7.507581    
  4.265747     -7.529035    
  4.265773     -7.527186    
  4.266098     -7.528414    
  4.266124     -7.528588    
  4.269803     -7.543120    
  4.273452     -7.551259    
  4.277070     -7.562347    
  4.280658     -7.584103    
  4.284217     -7.595520    
  4.287747     -7.611731    
  4.291249     -7.618065    
  4.294722     -7.640274    
  4.294748     -7.636320    
  4.297714     -7.648269    
  4.300661     -7.660698    
  4.303587     -7.669735    
  4.306494     -7.681417    
  4.309381     -7.693688    
  4.312250     -7.697387    
  4.315099     -7.714086    
  4.317931     -7.729510    
  4.320743     -7.742953    
  4.323538     -7.741019    
  4.326314     -7.752544    
  4.329073     -7.757852    
  4.331815     -7.777906    
  4.334540     -7.784816    
  4.337247     -7.789496    
  4.339938     -7.807752    
  4.339964     -7.807447    
  4.343714     -7.813265    
  4.347431     -7.834446    
  4.347457     -7.831284    
  4.350370     -7.845733    
  4.353264     -7.856114    
  4.353290     -7.856213    
  4.353671     -7.857634    
  4.353698     -7.857447    
  4.356104     -7.866650    
  4.356130     -7.863632    
  4.357295     -7.866355    
  4.357321     -7.871616    
  4.357613     -7.871652    
  4.357639     -7.871745    
  4.357809     -7.872820    
  4.357835     -7.873087    
  4.360667     -7.883506    
  4.363481     -7.894572    
  4.366277     -7.898039    
  4.369055     -7.918153    
  4.371816     -7.915734    
  4.374559     -7.933093    
  4.377285     -7.944866    
  4.379993     -7.952917    
  4.382685     -7.963790    
  4.385361     -7.970480    
  4.388020     -7.961760    
  4.390662     -7.993700    
  4.393289     -7.999335    
  4.395900     -8.012326    
  4.398496     -8.021626    
  4.401076     -8.032221    
  4.403640     -8.041059    
  4.406190     -8.048757    
  4.408725     -8.061317    
  4.411245     -8.055756    
  4.413751     -8.083760    
  4.416242     -8.088659    
  4.418719     -8.093714    
  4.421182     -8.089714    
  4.423631     -8.120857    
  4.426066     -8.124336    
  4.428488     -8.131367    
  4.430896     -8.138782    
  4.433291     -8.144642    
  4.435673     -8.158758    
  4.438042     -8.168788    
  4.440398     -8.176720    
  4.440424     -8.178083    
  4.442834     -8.175967    
  4.445231     -8.200985    
  4.445257     -8.194942    
  4.447541     -8.202113    
  4.449813     -8.211067    
  4.452073     -8.219361    
  4.454321     -8.213151    
  4.456558     -8.235828    
  4.458783     -8.245031    
  4.460997     -8.239421    
  4.463200     -8.255090    
  4.465392     -8.267699    
  4.467572     -8.276303    
  4.471901     -8.288149    
  4.476187     -8.307121    
  4.480431     -8.318233    
  4.512967     -8.437565    
  4.512994     -8.438528    
  4.514640     -8.443678    
  4.514666     -8.444383    
  4.515975     -8.449119    
  4.516001     -8.449213    
  4.516171     -8.449832    
  4.516198     -8.450771    
  4.585499     -8.697489    
  4.585525     -8.697805    
  4.648519     -8.921206    
  4.648545     -8.928353    
  4.649578     -8.908572    
  4.649604     -8.911274    
  4.649869     -8.927208    
  4.649895     -8.928824    
  4.650065     -8.932411    
  4.650091     -8.929525    
  4.709795     -9.145236    
  4.709821     -9.144725    
  4.765784     -9.349671    
  4.765810     -9.351057    
  4.765853     -9.351215    
  4.765875     -9.351297    
  4.765901     -9.351393    
  4.766049     -9.351945    
  4.766075     -9.351487    
  4.818511     -9.548126    
  4.818536     -9.547821    
  4.868125     -9.733792    
  4.868151     -9.735093    
  4.868182     -9.735221    
  4.868208     -9.735327    
  4.868354     -9.735834    
  4.868380     -9.729450    
  4.915120     -9.917283    
  4.915146     -9.915030    
  4.959480     -10.08472    
  4.959506     -10.08511    
  4.959673     -10.08592    
  4.959697     -10.08593    
  4.959723     -10.08599    
  4.959869     -10.08632    
  4.959895     -10.08613    
  5.002051     -10.24776    
  5.002077     -10.25009    
  5.042016     -10.40506    
  5.042042     -10.40502    
  5.042458     -10.40664    
  5.042484     -10.40674    
  5.042511     -10.40684    
  5.042654     -10.40740    
  5.042681     -10.40683    
  5.081068     -10.55715    
  5.081094     -10.55279    
  5.117599     -10.69869    
  5.117625     -10.69981    
  5.118035     -10.70141    
  5.118061     -10.70151    
  5.118087     -10.70161    
  5.118232     -10.70217    
  5.118258     -10.69877    
  5.153493     -10.84189    
  5.153519     -10.84011    
  5.187234     -10.97274    
  5.187260     -10.97241    
  5.187559     -10.97344    
  5.187585     -10.97348    
  5.187614     -10.97356    
  5.187756     -10.97383    
  5.187782     -10.97513    
  5.251210     -11.22333    
  5.251236     -11.22370    
  5.251962     -11.22653    
  5.251988     -11.22663    
  5.252125     -11.22717    
  5.252151     -11.22748    
  5.311781     -11.46166    
  5.311807     -11.46242    
  5.311888     -11.46274    
  5.311914     -11.46284    
  5.312051     -11.46339    
  5.312078     -11.46455    
  5.368109     -11.68420    
  5.368135     -11.68598    
  5.420767     -11.89513    
  5.420793     -11.89416    
  5.470414     -12.09038    
  5.470440     -12.09201    
  5.517376     -12.27989    
  5.517402     -12.27912    
  5.561929     -12.45670    
  5.561955     -12.45765    
  5.604308     -12.62368    
  5.604334     -12.62659    
  5.644714     -12.78687    
  5.644741     -12.81862    
  6.103370     -14.88715    
  6.321424     -15.50177    
  6.574148     -16.50219    
  6.848848     -17.55456    
  7.136090     -18.57072    
  7.430058     -19.47971    
  7.727513     -20.29785    
  8.026745     -21.06583    
  8.326873     -21.84011    
  8.627451     -22.65574    
  8.928255    -100.00000    
